0.00 7.00 4.00 5.00 
0.10 7.00 4.00 5.00 
0.20 7.00 4.00 5.00 
0.30 7.00 4.00 5.00 
0.40 7.00 4.00 5.00 
0.49 7.00 4.01 5.00 
0.59 7.00 4.01 5.00 
0.69 7.01 4.01 4.99 
0.78 7.01 4.02 4.99 
0.88 7.01 4.02 4.99 
0.97 7.01 4.03 4.99 
1.07 7.02 4.03 4.98 
1.16 7.02 4.04 4.98 
1.26 7.03 4.04 4.97 
1.35 7.03 4.05 4.97 
1.44 7.03 4.06 4.97 
1.53 7.04 4.07 4.96 
1.62 7.05 4.08 4.95 
1.71 7.05 4.09 4.95 
1.80 7.06 4.10 4.94 
1.89 7.07 4.11 4.93 
1.98 7.08 4.12 4.92 
2.06 7.09 4.14 4.91 
2.15 7.10 4.15 4.90 
2.23 7.11 4.17 4.89 
2.32 7.12 4.18 4.88 
2.40 7.14 4.20 4.86 
2.48 7.15 4.22 4.85 
2.57 7.17 4.23 4.83 
2.65 7.18 4.25 4.82 
2.73 7.20 4.27 4.80 
2.81 7.22 4.29 4.78 
2.89 7.24 4.31 4.76 
2.97 7.26 4.33 4.74 
3.04 7.28 4.36 4.72 
3.12 7.30 4.38 4.70 
3.20 7.32 4.40 4.68 
3.27 7.35 4.43 4.65 
3.35 7.37 4.45 4.63 
3.43 7.40 4.47 4.60 
3.50 7.43 4.50 4.57 
3.58 7.46 4.52 4.54 
3.65 7.49 4.55 4.51 
3.73 7.52 4.57 4.48 
3.80 7.55 4.60 4.45 
3.87 7.58 4.63 4.42 
3.95 7.62 4.65 4.38 
4.02 7.65 4.68 4.35 
4.09 7.69 4.71 4.31 
4.17 7.72 4.73 4.28 
4.24 7.76 4.76 4.24 
4.31 7.80 4.79 4.20 
4.39 7.84 4.81 4.16 
4.46 7.87 4.84 4.13 
4.53 7.91 4.87 4.09 
4.60 7.96 4.90 4.04 
4.68 8.00 4.92 4.00 
4.75 8.04 4.95 3.96 
4.82 8.08 4.98 3.92 
4.89 8.12 5.01 3.88 
4.97 8.17 5.03 3.83 
5.04 8.21 5.06 3.79 
5.11 8.26 5.09 3.74 
5.18 8.30 5.12 3.70 
5.26 8.35 5.14 3.65 
5.33 8.39 5.17 3.61 
5.40 8.44 5.20 3.56 
5.47 8.49 5.23 3.51 
5.54 8.53 5.26 3.47 
5.62 8.58 5.28 3.42 
5.69 8.63 5.31 3.37 
5.76 8.68 5.34 3.32 
5.83 8.73 5.37 3.27 
5.91 8.78 5.39 3.22 
5.98 8.83 5.42 3.17 
6.05 8.88 5.45 3.12 
6.13 8.93 5.47 3.07 
6.20 8.98 5.50 3.02 
6.27 9.03 5.53 2.97 
6.34 9.08 5.56 2.91 
6.42 9.13 5.58 2.86 
6.49 9.18 5.61 2.81 
6.56 9.23 5.64 2.75 
6.63 9.28 5.66 2.69 
6.71 9.34 5.69 2.64 
6.78 9.39 5.71 2.58 
6.85 9.44 5.74 2.52 
6.93 9.49 5.76 2.46 
7.00 9.55 5.79 2.40 
7.07 9.60 5.81 2.34 
7.15 9.65 5.84 2.28 
7.22 9.71 5.86 2.22 
7.29 9.76 5.88 2.16 
7.37 9.81 5.91 2.09 
7.44 9.87 5.93 2.02 
7.51 9.92 5.95 1.96 
7.58 9.98 5.97 1.89 
7.66 0.03 5.99 1.82 
7.73 0.08 6.00 1.75 
7.81 0.14 6.02 1.68 
7.89 0.19 6.03 1.62 
7.96 0.24 6.05 1.55 
8.04 0.29 6.06 1.49 
8.13 0.33 6.07 1.42 
8.21 0.38 6.08 1.36 
8.29 0.43 6.09 1.30 
8.38 0.47 6.09 1.24 
8.47 0.52 6.10 1.18 
8.56 0.56 6.10 1.12 
8.65 0.61 6.10 1.06 
8.74 0.65 6.10 1.00 
8.84 0.69 6.10 0.94 
8.93 0.74 6.09 0.88 
9.03 0.78 6.09 0.82 
9.13 0.82 6.08 0.77 
9.23 0.87 6.07 0.71 
9.33 0.91 6.07 0.65 
9.43 0.95 6.06 0.59 
9.53 1.00 6.05 0.53 
9.63 1.04 6.04 0.47 
9.73 1.09 6.03 0.41 
9.84 1.13 6.01 0.35 
9.94 1.17 6.00 0.29 
0.05 1.22 5.99 0.23 
0.15 1.26 5.98 0.17 
0.26 1.31 5.96 0.11 
0.36 1.35 5.95 0.05 
0.46 1.40 5.94 9.99 
0.57 1.44 5.93 9.93 
0.67 1.49 5.91 9.87 
0.77 1.53 5.90 9.81 
0.87 1.57 5.89 9.76 
0.97 1.62 5.88 9.70 
1.07 1.66 5.87 9.64 
1.18 1.71 5.85 9.58 
1.28 1.75 5.84 9.52 
1.38 1.79 5.83 9.46 
1.48 1.84 5.82 9.40 
1.57 1.88 5.81 9.34 
1.67 1.92 5.80 9.28 
1.77 1.97 5.79 9.22 
1.87 2.01 5.77 9.17 
1.97 2.05 5.76 9.11 
2.07 2.09 5.75 9.05 
2.16 2.14 5.74 8.99 
2.26 2.18 5.73 8.93 
2.36 2.22 5.72 8.88 
2.45 2.26 5.71 8.82 
2.55 2.30 5.70 8.76 
2.64 2.34 5.69 8.70 
2.74 2.38 5.68 8.65 
2.83 2.42 5.67 8.59 
2.93 2.46 5.66 8.53 
3.02 2.50 5.65 8.48 
3.12 2.54 5.64 8.42 
3.21 2.57 5.63 8.36 
3.31 2.61 5.62 8.31 
3.40 2.65 5.61 8.25 
3.49 2.68 5.60 8.20 
3.59 2.72 5.59 8.14 
3.68 2.76 5.58 8.09 
3.77 2.79 5.57 8.03 
3.87 2.83 5.56 7.98 
3.96 2.86 5.55 7.93 
4.05 2.90 5.54 7.87 
4.14 2.93 5.53 7.82 
4.24 2.97 5.52 7.77 
4.33 3.00 5.51 7.71 
4.42 3.03 5.50 7.66 
4.51 3.07 5.49 7.61 
4.60 3.10 5.49 7.56 
4.70 3.13 5.48 7.51 
4.79 3.16 5.47 7.46 
4.88 3.19 5.46 7.41 
4.97 3.22 5.45 7.36 
5.06 3.25 5.44 7.31 
5.15 3.28 5.44 7.26 
5.25 3.31 5.43 7.22 
5.34 3.34 5.42 7.17 
5.43 3.37 5.41 7.12 
5.52 3.39 5.40 7.08 
5.61 3.42 5.40 7.03 
5.70 3.44 5.39 6.99 
5.80 3.47 5.38 6.95 
5.89 3.49 5.37 6.91 
5.98 3.51 5.36 6.86 
6.07 3.54 5.36 6.82 
6.16 3.56 5.35 6.78 
6.26 3.58 5.34 6.75 
6.35 3.60 5.33 6.71 
6.44 3.61 5.32 6.67 
6.53 3.63 5.31 6.64 
6.63 3.65 5.30 6.60 
6.72 3.66 5.29 6.57 
6.82 3.68 5.28 6.53 
6.91 3.69 5.27 6.50 
7.01 3.70 5.25 6.47 
7.10 3.72 5.24 6.44 
7.20 3.73 5.23 6.41 
7.30 3.74 5.22 6.38 
7.39 3.75 5.20 6.35 
7.49 3.76 5.19 6.32 
7.59 3.77 5.17 6.29 
7.69 3.78 5.16 6.27 
7.79 3.78 5.14 6.24 
7.89 3.79 5.12 6.21 
7.99 3.80 5.11 6.19 
8.09 3.80 5.09 6.16 
8.19 3.81 5.07 6.14 
8.30 3.81 5.05 6.12 
8.40 3.82 5.03 6.09 
8.50 3.82 5.01 6.07 
8.61 3.83 4.99 6.05 
8.71 3.83 4.97 6.02 
8.82 3.84 4.95 6.00 
8.92 3.84 4.93 5.98 
9.03 3.84 4.90 5.96 
9.13 3.85 4.88 5.93 
9.24 3.85 4.86 5.91 
9.35 3.85 4.83 5.89 
9.45 3.85 4.81 5.87 
9.56 3.86 4.79 5.85 
9.67 3.86 4.76 5.83 
9.78 3.86 4.74 5.81 
9.89 3.86 4.71 5.79 
10.00 3.86 4.69 5.77 
0.10 3.87 4.66 5.74 
0.21 3.87 4.63 5.72 
0.32 3.87 4.61 5.70 
0.43 3.87 4.58 5.68 
0.54 3.87 4.56 5.67 
0.64 3.87 4.54 5.65 
0.75 3.87 4.51 5.63 
0.86 3.87 4.49 5.61 
0.96 3.87 4.47 5.59 
1.07 3.87 4.45 5.57 
1.17 3.87 4.43 5.55 
1.28 3.87 4.41 5.53 
1.38 3.87 4.39 5.52 
1.48 3.87 4.37 5.50 
1.58 3.87 4.35 5.48 
1.68 3.87 4.33 5.47 
1.78 3.86 4.31 5.45 
1.88 3.86 4.30 5.44 
1.98 3.85 4.29 5.42 
2.08 3.85 4.27 5.41 
2.17 3.84 4.26 5.40 
2.27 3.84 4.25 5.38 
2.36 3.83 4.24 5.37 
2.45 3.82 4.23 5.36 
2.54 3.81 4.22 5.35 
2.63 3.80 4.22 5.35 
2.72 3.79 4.21 5.34 
2.80 3.77 4.21 5.34 
2.89 3.76 4.21 5.33 
2.97 3.74 4.21 5.33 
3.05 3.72 4.21 5.33 
3.13 3.70 4.21 5.34 
3.21 3.67 4.22 5.34 
3.29 3.65 4.23 5.35 
3.37 3.62 4.23 5.36 
3.44 3.59 4.24 5.37 
3.51 3.55 4.25 5.39 
3.59 3.52 4.26 5.40 
3.66 3.48 4.27 5.42 
3.73 3.44 4.28 5.44 
3.80 3.40 4.30 5.47 
3.87 3.35 4.31 5.49 
3.94 3.31 4.32 5.52 
4.01 3.26 4.34 5.55 
4.08 3.21 4.35 5.58 
4.15 3.16 4.37 5.62 
4.22 3.10 4.38 5.65 
4.29 3.05 4.40 5.69 
4.36 2.99 4.41 5.73 
4.42 2.93 4.43 5.77 
4.49 2.87 4.44 5.81 
4.56 2.81 4.45 5.85 
4.63 2.75 4.47 5.89 
4.70 2.69 4.48 5.94 
4.77 2.62 4.50 5.98 
4.84 2.56 4.51 6.03 
4.91 2.49 4.53 6.07 
4.97 2.43 4.54 6.12 
5.04 2.36 4.56 6.17 
5.11 2.29 4.57 6.22 
5.18 2.23 4.58 6.27 
5.25 2.16 4.60 6.32 
5.32 2.09 4.61 6.37 
5.39 2.02 4.63 6.42 
5.46 1.95 4.64 6.47 
