0.00 1.00 0.00 2.00 0.00 3.00 0.00 4.00 0.00 0.00 0.00 -1.00 0.00 -2.00 0.00 -3.00 0.00 -4.00 10.00 0.00 
0.10 1.00 0.10 2.00 0.10 3.00 0.10 4.00 0.10 0.00 0.10 -1.00 0.10 -2.00 0.10 -3.00 0.10 -4.00 10.00 0.00 
0.20 1.00 0.20 2.00 0.20 3.00 0.20 4.00 0.20 -0.00 0.20 -1.00 0.20 -2.00 0.20 -3.00 0.20 -4.00 10.00 0.00 
0.29 1.00 0.30 2.00 0.30 3.00 0.30 4.00 0.29 -0.00 0.29 -1.00 0.30 -2.00 0.30 -3.00 0.30 -4.00 10.00 0.00 
0.39 1.01 0.39 2.01 0.40 3.00 0.40 4.00 0.38 -0.00 0.39 -1.01 0.39 -2.01 0.40 -3.00 0.40 -4.00 10.00 0.00 
0.48 1.01 0.49 2.01 0.49 3.01 0.50 4.01 0.47 -0.00 0.48 -1.01 0.49 -2.01 0.49 -3.01 0.50 -4.01 10.00 0.00 
0.57 1.01 0.58 2.01 0.59 3.01 0.60 4.01 0.56 -0.00 0.57 -1.01 0.58 -2.01 0.59 -3.01 0.60 -4.01 10.00 0.00 
0.66 1.02 0.68 2.02 0.69 3.01 0.69 4.01 0.65 -0.00 0.66 -1.02 0.68 -2.02 0.69 -3.01 0.69 -4.01 10.00 0.00 
0.75 1.02 0.77 2.02 0.79 3.02 0.79 4.01 0.74 -0.00 0.75 -1.02 0.77 -2.02 0.79 -3.02 0.79 -4.01 10.00 0.00 
0.84 1.03 0.87 2.03 0.88 3.02 0.89 4.02 0.82 -0.00 0.84 -1.03 0.87 -2.03 0.88 -3.02 0.89 -4.02 10.00 0.00 
0.93 1.03 0.96 2.04 0.98 3.03 0.99 4.02 0.90 -0.00 0.93 -1.03 0.96 -2.04 0.98 -3.03 0.99 -4.02 10.00 0.00 
1.01 1.04 1.05 2.04 1.07 3.03 1.09 4.02 0.99 -0.00 1.01 -1.04 1.05 -2.04 1.07 -3.03 1.09 -4.02 10.01 0.00 
1.10 1.04 1.14 2.05 1.17 3.04 1.18 4.03 1.07 -0.00 1.10 -1.04 1.14 -2.05 1.17 -3.04 1.18 -4.03 10.01 0.00 
1.18 1.05 1.23 2.06 1.26 3.04 1.28 4.03 1.15 -0.00 1.18 -1.05 1.23 -2.06 1.26 -3.04 1.28 -4.03 10.01 0.00 
1.27 1.06 1.32 2.06 1.36 3.05 1.38 4.04 1.23 -0.00 1.27 -1.06 1.32 -2.06 1.36 -3.05 1.38 -4.04 10.01 0.00 
1.35 1.06 1.41 2.07 1.45 3.06 1.47 4.04 1.31 -0.00 1.35 -1.06 1.41 -2.07 1.45 -3.06 1.47 -4.04 10.01 0.00 
1.43 1.07 1.50 2.08 1.55 3.06 1.57 4.05 1.38 -0.00 1.43 -1.07 1.50 -2.08 1.55 -3.06 1.57 -4.05 10.01 0.00 
1.51 1.08 1.59 2.09 1.64 3.07 1.67 4.05 1.46 -0.00 1.51 -1.08 1.59 -2.09 1.64 -3.07 1.67 -4.05 10.01 0.01 
1.59 1.09 1.68 2.10 1.73 3.08 1.76 4.06 1.53 -0.00 1.59 -1.09 1.68 -2.10 1.73 -3.08 1.76 -4.06 10.01 0.01 
1.67 1.09 1.77 2.11 1.83 3.09 1.86 4.07 1.61 -0.00 1.67 -1.09 1.77 -2.11 1.83 -3.09 1.86 -4.07 10.02 0.01 
1.75 1.10 1.86 2.12 1.92 3.10 1.95 4.07 1.68 -0.00 1.75 -1.10 1.86 -2.12 1.92 -3.10 1.95 -4.07 10.02 0.01 
1.83 1.11 1.94 2.13 2.01 3.10 2.05 4.08 1.76 -0.00 1.83 -1.11 1.94 -2.13 2.01 -3.10 2.05 -4.08 10.02 0.01 
1.91 1.12 2.03 2.14 2.10 3.11 2.14 4.09 1.83 -0.00 1.91 -1.12 2.03 -2.14 2.10 -3.11 2.14 -4.09 10.02 0.01 
1.99 1.13 2.11 2.15 2.19 3.12 2.24 4.09 1.90 -0.00 1.99 -1.13 2.11 -2.15 2.19 -3.12 2.24 -4.09 10.02 0.01 
2.06 1.14 2.20 2.16 2.29 3.13 2.33 4.10 1.97 -0.00 2.06 -1.14 2.20 -2.16 2.29 -3.13 2.33 -4.10 10.03 0.01 
2.14 1.14 2.28 2.17 2.38 3.14 2.43 4.11 2.04 -0.00 2.14 -1.14 2.28 -2.17 2.38 -3.14 2.43 -4.11 10.03 0.01 
2.22 1.15 2.37 2.18 2.47 3.15 2.52 4.12 2.11 -0.00 2.22 -1.15 2.37 -2.18 2.47 -3.15 2.52 -4.12 10.03 0.01 
2.29 1.16 2.45 2.19 2.56 3.16 2.62 4.12 2.18 -0.00 2.29 -1.16 2.45 -2.19 2.56 -3.16 2.61 -4.12 10.03 0.02 
2.36 1.17 2.54 2.20 2.65 3.17 2.71 4.13 2.25 -0.00 2.37 -1.17 2.54 -2.20 2.65 -3.17 2.71 -4.13 10.04 0.02 
2.44 1.18 2.62 2.21 2.74 3.18 2.80 4.14 2.32 -0.00 2.44 -1.18 2.62 -2.21 2.74 -3.18 2.80 -4.14 10.04 0.02 
2.51 1.19 2.70 2.22 2.83 3.19 2.90 4.15 2.39 -0.00 2.51 -1.19 2.70 -2.22 2.83 -3.19 2.89 -4.15 10.04 0.02 
2.59 1.20 2.79 2.24 2.92 3.20 2.99 4.16 2.45 -0.00 2.59 -1.20 2.79 -2.24 2.92 -3.20 2.99 -4.16 10.05 0.02 
2.66 1.21 2.87 2.25 3.01 3.21 3.08 4.17 2.52 -0.00 2.66 -1.21 2.87 -2.25 3.01 -3.21 3.08 -4.17 10.05 0.02 
2.73 1.22 2.95 2.26 3.09 3.22 3.18 4.17 2.59 -0.00 2.73 -1.22 2.95 -2.26 3.10 -3.22 3.17 -4.18 10.05 0.02 
2.80 1.23 3.03 2.27 3.18 3.23 3.27 4.18 2.65 -0.00 2.80 -1.23 3.03 -2.27 3.18 -3.23 3.26 -4.18 10.06 0.03 
2.88 1.24 3.12 2.28 3.27 3.24 3.36 4.19 2.72 -0.00 2.88 -1.24 3.12 -2.28 3.27 -3.24 3.36 -4.19 10.06 0.03 
2.95 1.25 3.20 2.30 3.36 3.25 3.45 4.20 2.78 -0.00 2.95 -1.25 3.20 -2.30 3.36 -3.25 3.45 -4.20 10.06 0.03 
3.02 1.26 3.28 2.31 3.45 3.27 3.55 4.21 2.84 -0.00 3.02 -1.26 3.28 -2.31 3.45 -3.26 3.54 -4.21 10.07 0.03 
3.09 1.27 3.36 2.32 3.54 3.28 3.64 4.22 2.91 -0.00 3.09 -1.27 3.36 -2.32 3.54 -3.28 3.63 -4.22 10.07 0.03 
3.16 1.28 3.44 2.33 3.62 3.29 3.73 4.23 2.97 -0.00 3.16 -1.28 3.44 -2.33 3.62 -3.29 3.72 -4.23 10.08 0.04 
3.23 1.29 3.52 2.35 3.71 3.30 3.82 4.24 3.03 -0.00 3.23 -1.29 3.52 -2.35 3.71 -3.30 3.81 -4.24 10.08 0.04 
3.30 1.30 3.60 2.36 3.80 3.31 3.91 4.25 3.10 -0.00 3.30 -1.30 3.60 -2.36 3.80 -3.31 3.91 -4.25 10.08 0.04 
3.37 1.31 3.68 2.37 3.88 3.32 4.00 4.26 3.16 -0.00 3.37 -1.31 3.68 -2.37 3.89 -3.32 4.00 -4.26 10.09 0.04 
3.43 1.32 3.76 2.39 3.97 3.34 4.09 4.27 3.22 -0.00 3.44 -1.33 3.76 -2.39 3.97 -3.34 4.09 -4.27 10.09 0.05 
3.50 1.34 3.84 2.40 4.06 3.35 4.19 4.28 3.28 -0.00 3.50 -1.34 3.84 -2.40 4.06 -3.35 4.18 -4.28 10.10 0.05 
3.57 1.35 3.92 2.41 4.14 3.36 4.28 4.29 3.34 -0.00 3.57 -1.35 3.92 -2.41 4.15 -3.36 4.27 -4.29 10.10 0.05 
3.64 1.36 3.99 2.43 4.23 3.37 4.37 4.30 3.40 -0.00 3.64 -1.36 4.00 -2.43 4.23 -3.37 4.36 -4.30 10.11 0.05 
3.71 1.37 4.07 2.44 4.32 3.38 4.46 4.31 3.46 -0.00 3.71 -1.37 4.07 -2.44 4.32 -3.38 4.45 -4.31 10.11 0.06 
3.77 1.38 4.15 2.45 4.40 3.40 4.55 4.32 3.52 -0.00 3.78 -1.38 4.15 -2.46 4.40 -3.40 4.54 -4.32 10.12 0.06 
3.84 1.39 4.23 2.47 4.49 3.41 4.64 4.33 3.58 -0.00 3.84 -1.39 4.23 -2.47 4.49 -3.41 4.63 -4.33 10.13 0.06 
3.91 1.40 4.31 2.48 4.57 3.42 4.73 4.34 3.64 -0.00 3.91 -1.40 4.31 -2.48 4.57 -3.42 4.72 -4.35 10.13 0.07 
3.97 1.41 4.38 2.50 4.66 3.44 4.82 4.35 3.70 -0.00 3.98 -1.42 4.39 -2.50 4.66 -3.44 4.81 -4.36 10.14 0.07 
4.04 1.42 4.46 2.51 4.74 3.45 4.91 4.36 3.76 -0.00 4.04 -1.43 4.46 -2.51 4.75 -3.45 4.90 -4.37 10.14 0.07 
4.11 1.44 4.54 2.52 4.83 3.46 5.00 4.38 3.82 -0.00 4.11 -1.44 4.54 -2.53 4.83 -3.46 4.98 -4.38 10.15 0.08 
4.17 1.45 4.62 2.54 4.91 3.47 5.09 4.39 3.88 -0.00 4.17 -1.45 4.62 -2.54 4.91 -3.47 5.07 -4.39 10.16 0.08 
4.24 1.46 4.69 2.55 5.00 3.49 5.18 4.40 3.93 -0.00 4.24 -1.46 4.69 -2.55 5.00 -3.49 5.16 -4.40 10.16 0.09 
4.30 1.47 4.77 2.57 5.08 3.50 5.27 4.41 3.99 -0.00 4.30 -1.47 4.77 -2.57 5.08 -3.50 5.25 -4.41 10.17 0.09 
4.37 1.48 4.84 2.58 5.16 3.52 5.35 4.42 4.05 -0.00 4.37 -1.49 4.85 -2.58 5.17 -3.52 5.34 -4.43 10.18 0.09 
4.43 1.49 4.92 2.60 5.25 3.53 5.44 4.43 4.10 -0.00 4.43 -1.50 4.92 -2.60 5.25 -3.53 5.43 -4.44 10.18 0.10 
4.50 1.51 5.00 2.61 5.33 3.54 5.53 4.45 4.16 -0.00 4.50 -1.51 5.00 -2.61 5.33 -3.54 5.51 -4.45 10.19 0.10 
4.56 1.52 5.07 2.63 5.41 3.56 5.62 4.46 4.22 -0.00 4.56 -1.52 5.07 -2.63 5.42 -3.56 5.60 -4.46 10.20 0.11 
4.62 1.53 5.15 2.64 5.50 3.57 5.71 4.47 4.27 -0.00 4.63 -1.53 5.15 -2.64 5.50 -3.57 5.69 -4.48 10.21 0.11 
4.69 1.54 5.22 2.66 5.58 3.59 5.80 4.48 4.33 -0.00 4.69 -1.55 5.22 -2.66 5.58 -3.59 5.77 -4.49 10.21 0.12 
4.75 1.55 5.29 2.67 5.66 3.60 5.88 4.50 4.38 -0.00 4.75 -1.56 5.30 -2.67 5.67 -3.60 5.86 -4.50 10.22 0.12 
4.81 1.57 5.37 2.69 5.75 3.62 5.97 4.51 4.44 -0.00 4.82 -1.57 5.37 -2.69 5.75 -3.62 5.95 -4.52 10.23 0.13 
4.87 1.58 5.44 2.70 5.83 3.63 6.06 4.52 4.49 -0.00 4.88 -1.58 5.45 -2.71 5.83 -3.63 6.03 -4.53 10.24 0.14 
4.94 1.59 5.52 2.72 5.91 3.65 6.15 4.54 4.55 -0.00 4.94 -1.60 5.52 -2.72 5.91 -3.65 6.12 -4.54 10.25 0.14 
5.00 1.60 5.59 2.74 5.99 3.66 6.23 4.55 4.60 -0.00 5.00 -1.61 5.60 -2.74 6.00 -3.66 6.20 -4.56 10.26 0.15 
5.06 1.62 5.66 2.75 6.07 3.68 6.32 4.56 4.66 -0.00 5.07 -1.62 5.67 -2.76 6.08 -3.68 6.29 -4.57 10.26 0.15 
5.12 1.63 5.74 2.77 6.15 3.69 6.41 4.58 4.71 -0.00 5.13 -1.63 5.74 -2.77 6.16 -3.69 6.37 -4.58 10.27 0.16 
5.18 1.64 5.81 2.79 6.23 3.71 6.49 4.59 4.76 -0.00 5.19 -1.65 5.81 -2.79 6.24 -3.71 6.46 -4.60 10.28 0.17 
5.24 1.65 5.88 2.80 6.31 3.73 6.58 4.61 4.82 -0.00 5.25 -1.66 5.89 -2.81 6.32 -3.73 6.54 -4.61 10.29 0.17 
5.30 1.67 5.95 2.82 6.39 3.74 6.67 4.62 4.87 -0.01 5.31 -1.67 5.96 -2.82 6.40 -3.74 6.63 -4.63 10.30 0.18 
5.36 1.68 6.02 2.84 6.47 3.76 6.75 4.64 4.92 -0.01 5.37 -1.69 6.03 -2.84 6.48 -3.76 6.71 -4.64 10.31 0.19 
5.42 1.69 6.09 2.85 6.55 3.78 6.84 4.65 4.97 -0.01 5.43 -1.70 6.10 -2.86 6.56 -3.78 6.79 -4.66 10.32 0.20 
5.48 1.71 6.16 2.87 6.63 3.79 6.92 4.67 5.02 -0.01 5.49 -1.71 6.17 -2.88 6.64 -3.79 6.88 -4.68 10.33 0.20 
5.54 1.72 6.23 2.89 6.71 3.81 7.01 4.68 5.07 -0.01 5.55 -1.73 6.24 -2.89 6.72 -3.81 6.96 -4.69 10.34 0.21 
5.60 1.73 6.30 2.91 6.79 3.83 7.09 4.70 5.13 -0.01 5.61 -1.74 6.32 -2.91 6.80 -3.83 7.04 -4.71 10.35 0.22 
5.66 1.75 6.37 2.93 6.87 3.85 7.18 4.72 5.18 -0.01 5.66 -1.76 6.39 -2.93 6.88 -3.85 7.12 -4.73 10.36 0.23 
5.71 1.76 6.44 2.95 6.95 3.87 7.26 4.73 5.23 -0.01 5.72 -1.77 6.46 -2.95 6.96 -3.87 7.20 -4.74 10.37 0.24 
5.77 1.78 6.51 2.96 7.03 3.88 7.35 4.75 5.28 -0.01 5.78 -1.79 6.53 -2.97 7.04 -3.88 7.29 -4.76 10.38 0.25 
5.83 1.79 6.58 2.98 7.10 3.90 7.43 4.77 5.32 -0.01 5.84 -1.80 6.59 -2.99 7.12 -3.90 7.37 -4.78 10.39 0.26 
5.88 1.80 6.65 3.00 7.18 3.92 7.52 4.78 5.37 -0.01 5.90 -1.81 6.66 -3.01 7.20 -3.92 7.45 -4.80 10.41 0.27 
5.94 1.82 6.72 3.02 7.26 3.94 7.60 4.80 5.42 -0.01 5.95 -1.83 6.73 -3.03 7.27 -3.94 7.53 -4.82 10.42 0.28 
5.99 1.83 6.78 3.04 7.34 3.96 7.69 4.82 5.47 -0.01 6.01 -1.84 6.80 -3.05 7.35 -3.96 7.61 -4.84 10.43 0.29 
6.05 1.85 6.85 3.06 7.41 3.98 7.77 4.84 5.52 -0.01 6.06 -1.86 6.87 -3.07 7.43 -3.98 7.69 -4.86 10.44 0.30 
6.10 1.86 6.92 3.08 7.49 4.00 7.85 4.86 5.57 -0.01 6.12 -1.88 6.94 -3.09 7.51 -4.00 7.76 -4.88 10.45 0.31 
6.16 1.88 6.98 3.10 7.56 4.02 7.94 4.88 5.61 -0.01 6.17 -1.89 7.00 -3.11 7.58 -4.02 7.84 -4.90 10.46 0.32 
6.21 1.89 7.05 3.12 7.64 4.05 8.02 4.89 5.66 -0.01 6.23 -1.91 7.07 -3.13 7.66 -4.04 7.92 -4.92 10.47 0.33 
6.27 1.91 7.11 3.15 7.72 4.07 8.10 4.91 5.70 -0.01 6.28 -1.92 7.14 -3.15 7.74 -4.07 8.00 -4.94 10.49 0.34 
6.32 1.92 7.18 3.17 7.79 4.09 8.18 4.93 5.75 -0.01 6.34 -1.94 7.21 -3.17 7.81 -4.09 8.07 -4.96 10.50 0.35 
6.37 1.94 7.24 3.19 7.87 4.11 8.27 4.95 5.80 -0.01 6.39 -1.96 7.27 -3.19 7.89 -4.11 8.15 -4.98 10.51 0.36 
6.42 1.95 7.31 3.21 7.94 4.14 8.35 4.98 5.84 -0.01 6.44 -1.97 7.34 -3.22 7.96 -4.13 8.23 -5.01 10.52 0.37 
6.47 1.97 7.37 3.23 8.02 4.16 8.43 5.00 5.88 -0.01 6.50 -1.99 7.40 -3.24 8.04 -4.16 8.30 -5.03 10.54 0.39 
6.53 1.99 7.44 3.26 8.09 4.18 8.51 5.02 5.93 -0.01 6.55 -2.01 7.47 -3.26 8.11 -4.18 8.38 -5.06 10.55 0.40 
6.58 2.00 7.50 3.28 8.16 4.21 8.60 5.04 5.97 -0.02 6.60 -2.02 7.54 -3.29 8.19 -4.20 8.45 -5.08 10.56 0.41 
6.63 2.02 7.56 3.31 8.24 4.23 8.68 5.06 6.01 -0.02 6.65 -2.04 7.60 -3.31 8.26 -4.23 8.52 -5.11 10.57 0.43 
6.68 2.03 7.62 3.33 8.31 4.26 8.76 5.08 6.06 -0.02 6.70 -2.06 7.66 -3.33 8.34 -4.25 8.60 -5.13 10.59 0.44 
6.72 2.05 7.69 3.35 8.38 4.28 8.84 5.11 6.10 -0.02 6.76 -2.08 7.73 -3.36 8.41 -4.28 8.67 -5.16 10.60 0.45 
6.77 2.07 7.75 3.38 8.46 4.31 8.92 5.13 6.14 -0.02 6.81 -2.10 7.79 -3.38 8.48 -4.31 8.74 -5.19 10.61 0.47 
6.82 2.09 7.81 3.40 8.53 4.33 9.00 5.15 6.18 -0.02 6.86 -2.11 7.86 -3.41 8.56 -4.33 8.81 -5.22 10.63 0.48 
6.87 2.10 7.87 3.43 8.60 4.36 9.08 5.18 6.22 -0.02 6.91 -2.13 7.92 -3.43 8.63 -4.36 8.88 -5.25 10.64 0.50 
6.91 2.12 7.93 3.46 8.67 4.39 9.17 5.20 6.26 -0.02 6.95 -2.15 7.98 -3.46 8.70 -4.39 8.95 -5.28 10.65 0.51 
6.96 2.14 7.99 3.48 8.75 4.41 9.25 5.23 6.30 -0.02 7.00 -2.17 8.05 -3.49 8.77 -4.42 9.02 -5.31 10.67 0.53 
7.01 2.16 8.05 3.51 8.82 4.44 9.33 5.25 6.34 -0.03 7.05 -2.19 8.11 -3.51 8.84 -4.44 9.09 -5.35 10.68 0.54 
7.05 2.18 8.11 3.54 8.89 4.47 9.41 5.28 6.38 -0.03 7.10 -2.21 8.17 -3.54 8.91 -4.47 9.15 -5.38 10.69 0.56 
7.10 2.20 8.16 3.57 8.96 4.50 9.49 5.30 6.42 -0.03 7.15 -2.23 8.24 -3.57 8.98 -4.51 9.22 -5.42 10.71 0.57 
7.14 2.21 8.22 3.60 9.03 4.53 9.57 5.33 6.45 -0.03 7.20 -2.25 8.30 -3.59 9.05 -4.54 9.28 -5.45 10.72 0.59 
7.18 2.23 8.28 3.63 9.10 4.56 9.65 5.35 6.49 -0.03 7.24 -2.27 8.36 -3.62 9.12 -4.57 9.35 -5.49 10.74 0.60 
7.23 2.25 8.34 3.66 9.17 4.59 9.73 5.38 6.53 -0.03 7.29 -2.29 8.42 -3.65 9.19 -4.60 9.41 -5.53 10.75 0.62 
7.27 2.27 8.39 3.69 9.24 4.62 9.81 5.41 6.56 -0.03 7.33 -2.32 8.48 -3.68 9.26 -4.64 9.47 -5.57 10.76 0.64 
7.31 2.29 8.45 3.72 9.31 4.65 9.89 5.44 6.60 -0.04 7.38 -2.34 8.54 -3.71 9.33 -4.67 9.53 -5.62 10.78 0.65 
7.35 2.31 8.51 3.75 9.38 4.69 9.97 5.47 6.63 -0.04 7.43 -2.36 8.60 -3.74 9.40 -4.71 9.59 -5.66 10.79 0.67 
7.39 2.34 8.56 3.78 9.45 4.72 10.05 5.49 6.67 -0.04 7.47 -2.38 8.67 -3.77 9.46 -4.74 9.65 -5.71 10.81 0.69 
7.43 2.36 8.62 3.81 9.52 4.75 10.13 5.52 6.70 -0.04 7.52 -2.41 8.73 -3.80 9.53 -4.78 9.71 -5.76 10.82 0.71 
7.47 2.38 8.67 3.85 9.59 4.78 10.21 5.55 6.73 -0.04 7.56 -2.43 8.79 -3.83 9.60 -4.82 9.76 -5.81 10.83 0.73 
7.51 2.40 8.73 3.88 9.66 4.82 10.29 5.58 6.76 -0.05 7.60 -2.45 8.84 -3.86 9.66 -4.86 9.82 -5.86 10.85 0.74 
7.54 2.42 8.78 3.91 9.73 4.85 10.37 5.61 6.80 -0.05 7.65 -2.48 8.90 -3.90 9.73 -4.90 9.87 -5.92 10.86 0.76 
7.58 2.44 8.83 3.95 9.80 4.89 10.45 5.64 6.83 -0.05 7.69 -2.50 8.96 -3.93 9.79 -4.94 9.92 -5.98 10.88 0.78 
7.62 2.47 8.89 3.98 9.87 4.92 10.53 5.68 6.86 -0.05 7.73 -2.52 9.02 -3.96 9.85 -4.99 9.96 -6.04 10.89 0.80 
7.65 2.49 8.94 4.02 9.94 4.96 10.61 5.71 6.89 -0.06 7.78 -2.55 9.08 -4.00 9.91 -5.03 10.01 -6.10 10.90 0.82 
7.69 2.51 8.99 4.06 10.00 5.00 10.69 5.74 6.92 -0.06 7.82 -2.57 9.14 -4.03 9.98 -5.08 10.05 -6.17 10.92 0.84 
7.72 2.54 9.04 4.09 10.07 5.04 10.76 5.77 6.95 -0.06 7.86 -2.60 9.20 -4.07 10.04 -5.13 10.08 -6.25 10.93 0.86 
7.76 2.56 9.10 4.13 10.14 5.07 10.84 5.80 6.97 -0.07 7.90 -2.63 9.25 -4.10 10.10 -5.18 10.11 -6.33 10.95 0.88 
7.79 2.59 9.15 4.17 10.21 5.11 10.92 5.84 7.00 -0.07 7.94 -2.65 9.31 -4.14 10.16 -5.23 10.14 -6.41 10.96 0.90 
7.82 2.61 9.20 4.21 10.28 5.15 11.00 5.87 7.03 -0.07 7.99 -2.68 9.37 -4.18 10.22 -5.29 10.16 -6.50 10.98 0.92 
7.85 2.64 9.25 4.25 10.35 5.19 11.08 5.91 7.06 -0.08 8.03 -2.71 9.42 -4.22 10.27 -5.34 10.17 -6.59 10.99 0.94 
7.89 2.66 9.30 4.29 10.41 5.23 11.16 5.94 7.08 -0.08 8.07 -2.73 9.48 -4.26 10.33 -5.40 10.18 -6.69 11.01 0.96 
7.92 2.69 9.35 4.33 10.48 5.27 11.24 5.98 7.11 -0.08 8.11 -2.76 9.53 -4.30 10.38 -5.47 10.17 -6.80 11.02 0.98 
7.95 2.71 9.40 4.37 10.55 5.31 11.32 6.01 7.13 -0.09 8.15 -2.79 9.59 -4.34 10.44 -5.53 10.14 -6.91 11.03 1.00 
7.97 2.74 9.45 4.41 10.62 5.35 11.40 6.05 7.16 -0.09 8.19 -2.82 9.64 -4.38 10.49 -5.60 10.11 -7.02 11.05 1.02 
8.00 2.77 9.50 4.46 10.69 5.40 11.48 6.08 7.18 -0.10 8.23 -2.85 9.69 -4.42 10.54 -5.68 10.07 -7.13 11.06 1.04 
8.03 2.79 9.55 4.50 10.75 5.44 11.56 6.12 7.20 -0.10 8.27 -2.88 9.75 -4.47 10.59 -5.76 10.01 -7.24 11.08 1.06 
8.06 2.82 9.59 4.55 10.82 5.48 11.64 6.16 7.23 -0.11 8.31 -2.90 9.80 -4.51 10.64 -5.84 9.95 -7.34 11.09 1.08 
8.08 2.85 9.64 4.59 10.89 5.53 11.72 6.19 7.25 -0.11 8.34 -2.93 9.85 -4.56 10.68 -5.93 9.88 -7.45 11.11 1.10 
8.11 2.88 9.69 4.64 10.96 5.57 11.80 6.23 7.27 -0.12 8.38 -2.96 9.90 -4.61 10.72 -6.03 9.80 -7.55 11.12 1.13 
8.13 2.91 9.74 4.68 11.02 5.62 11.88 6.27 7.29 -0.12 8.42 -3.00 9.95 -4.66 10.75 -6.14 9.73 -7.65 11.14 1.15 
8.16 2.94 9.78 4.73 11.09 5.66 11.96 6.31 7.31 -0.13 8.46 -3.03 10.00 -4.71 10.78 -6.27 9.64 -7.74 11.15 1.17 
8.18 2.97 9.83 4.78 11.16 5.71 -0.04 6.35 7.33 -0.13 8.50 -3.06 10.05 -4.76 10.80 -6.41 9.56 -7.84 11.17 1.19 
8.20 3.00 9.88 4.82 11.23 5.75 0.04 6.39 7.35 -0.14 8.53 -3.09 10.10 -4.81 10.79 -6.57 9.47 -7.93 11.18 1.21 
8.22 3.03 9.93 4.87 11.29 5.80 0.12 6.43 7.37 -0.14 8.57 -3.12 10.14 -4.87 10.74 -6.76 9.38 -8.03 11.20 1.24 
8.25 3.06 9.97 4.92 11.36 5.85 0.20 6.47 7.39 -0.15 8.61 -3.15 10.19 -4.93 10.64 -6.95 9.29 -8.12 11.21 1.26 
8.27 3.09 10.02 4.97 11.43 5.89 0.28 6.51 7.40 -0.16 8.64 -3.19 10.23 -4.99 10.51 -7.13 9.20 -8.21 11.22 1.28 
8.29 3.12 10.06 5.02 11.50 5.94 0.36 6.55 7.42 -0.16 8.68 -3.22 10.28 -5.05 10.38 -7.31 9.11 -8.30 11.24 1.30 
8.30 3.16 10.11 5.07 11.56 5.99 0.44 6.59 7.44 -0.17 8.72 -3.25 10.32 -5.11 10.23 -7.48 9.02 -8.39 11.25 1.33 
8.32 3.19 10.16 5.13 11.63 6.04 0.52 6.63 7.45 -0.18 8.75 -3.29 10.36 -5.18 10.08 -7.64 8.92 -8.48 11.27 1.35 
8.34 3.22 10.20 5.18 11.70 6.09 0.60 6.67 7.47 -0.19 8.79 -3.32 10.40 -5.25 9.93 -7.80 8.82 -8.56 11.28 1.37 
8.36 3.26 10.25 5.23 11.77 6.14 0.68 6.71 7.48 -0.19 8.82 -3.36 10.43 -5.32 9.78 -7.96 8.73 -8.65 11.30 1.39 
8.37 3.29 10.29 5.28 11.83 6.19 0.76 6.75 7.49 -0.20 8.86 -3.39 10.47 -5.39 9.62 -8.12 8.63 -8.74 11.31 1.42 
8.39 3.33 10.34 5.34 11.90 6.24 0.84 6.80 7.51 -0.21 8.89 -3.43 10.50 -5.47 9.46 -8.28 8.53 -8.82 11.33 1.44 
8.40 3.36 10.38 5.39 11.97 6.29 0.92 6.84 7.52 -0.22 8.92 -3.47 10.53 -5.56 9.30 -8.43 8.43 -8.91 11.34 1.46 
8.42 3.40 10.43 5.45 -0.04 6.34 0.99 6.88 7.53 -0.23 8.96 -3.50 10.55 -5.65 9.14 -8.59 8.33 -8.99 11.36 1.49 
8.43 3.43 10.47 5.51 0.03 6.40 1.07 6.93 7.55 -0.23 8.99 -3.54 10.57 -5.74 8.98 -8.74 8.23 -9.08 11.37 1.51 
8.44 3.47 10.51 5.56 0.10 6.45 1.15 6.97 7.56 -0.24 9.02 -3.58 10.58 -5.84 8.82 -8.90 8.13 -9.16 11.39 1.53 
8.46 3.51 10.56 5.62 0.17 6.50 1.23 7.01 7.57 -0.25 9.06 -3.62 10.59 -5.95 8.66 -9.05 8.03 -9.24 11.40 1.56 
8.47 3.54 10.60 5.68 0.23 6.56 1.31 7.06 7.58 -0.26 9.09 -3.66 10.59 -6.06 8.50 -9.20 7.93 -9.33 11.42 1.58 
8.48 3.58 10.65 5.74 0.30 6.61 1.39 7.10 7.59 -0.27 9.12 -3.70 10.57 -6.17 8.34 -9.36 7.83 -9.41 11.43 1.60 
8.49 3.62 10.69 5.79 0.37 6.66 1.47 7.15 7.60 -0.28 9.15 -3.74 10.54 -6.29 8.17 -9.51 7.73 -9.49 11.45 1.63 
8.50 3.66 10.74 5.85 0.44 6.72 1.54 7.19 7.61 -0.29 9.18 -3.78 10.51 -6.41 8.01 -9.66 7.63 -9.57 11.46 1.65 
8.51 3.70 10.78 5.91 0.50 6.77 1.62 7.24 7.61 -0.30 9.21 -3.82 10.46 -6.53 7.85 -9.81 7.52 -9.66 11.48 1.68 
8.51 3.74 10.82 5.97 0.57 6.83 1.70 7.28 7.62 -0.31 9.24 -3.86 10.40 -6.65 7.68 -9.96 7.42 -9.74 11.49 1.70 
8.52 3.78 10.87 6.04 0.64 6.88 1.78 7.33 7.63 -0.32 9.27 -3.90 10.33 -6.76 7.52 -10.11 7.32 -9.82 11.51 1.72 
8.53 3.82 10.91 6.10 0.71 6.94 1.86 7.38 7.64 -0.33 9.29 -3.95 10.26 -6.88 7.35 -10.26 7.21 -9.90 11.52 1.75 
8.54 3.86 10.95 6.16 0.77 7.00 1.93 7.42 7.64 -0.35 9.32 -3.99 10.18 -6.99 7.19 -10.41 7.11 -9.98 11.54 1.77 
8.54 3.90 11.00 6.22 0.84 7.05 2.01 7.47 7.65 -0.36 9.35 -4.04 10.10 -7.10 7.02 -10.56 7.01 -10.06 11.56 1.80 
8.55 3.94 11.04 6.29 0.91 7.11 2.09 7.52 7.66 -0.37 9.37 -4.08 10.02 -7.20 6.86 -10.71 6.90 -10.14 11.57 1.82 
8.55 3.98 11.08 6.35 0.97 7.17 2.17 7.56 7.66 -0.38 9.40 -4.13 9.94 -7.31 6.69 -10.86 6.80 -10.22 11.59 1.84 
8.55 4.03 11.13 6.41 1.04 7.22 2.24 7.61 7.67 -0.39 9.42 -4.18 9.85 -7.41 6.53 -11.01 6.69 -10.31 11.60 1.87 
8.56 4.07 11.17 6.48 1.11 7.28 2.32 7.66 7.67 -0.41 9.44 -4.22 9.76 -7.52 6.36 -11.16 6.59 -10.39 11.62 1.89 
8.56 4.11 11.21 6.54 1.17 7.34 2.40 7.71 7.67 -0.42 9.47 -4.27 9.67 -7.62 6.20 -11.31 6.49 -10.47 11.63 1.92 
8.56 4.16 11.26 6.61 1.24 7.40 2.47 7.75 7.68 -0.43 9.49 -4.32 9.58 -7.72 6.03 -11.46 6.38 -10.55 11.65 1.94 
8.56 4.20 11.30 6.67 1.31 7.46 2.55 7.80 7.68 -0.44 9.51 -4.37 9.48 -7.82 5.86 -11.61 6.28 -10.63 11.66 1.97 
8.57 4.24 11.34 6.74 1.37 7.52 2.63 7.85 7.68 -0.46 9.53 -4.43 9.39 -7.92 5.70 -11.76 6.17 -10.71 11.68 1.99 
8.57 4.29 11.38 6.81 1.44 7.58 2.70 7.90 7.69 -0.47 9.54 -4.48 9.30 -8.01 5.53 -11.91 6.06 -10.79 11.69 2.02 
8.57 4.34 11.43 6.87 1.50 7.64 2.78 7.95 7.69 -0.49 9.56 -4.53 9.20 -8.11 5.37 -12.06 5.96 -10.86 11.71 2.04 
8.56 4.38 11.47 6.94 1.57 7.70 2.86 8.00 7.69 -0.50 9.58 -4.58 9.11 -8.21 5.20 -12.21 5.85 -10.94 11.72 2.07 
8.56 4.43 11.51 7.01 1.64 7.76 2.93 -0.05 7.69 -0.51 9.59 -4.64 9.01 -8.31 5.03 -12.36 5.75 -11.02 11.74 2.09 
8.56 4.47 11.56 7.08 1.70 7.82 3.01 0.00 7.69 -0.53 9.60 -4.69 8.91 -8.40 4.87 -12.50 5.64 -11.10 11.76 2.12 
8.56 4.52 11.60 7.15 1.77 7.88 3.08 0.05 7.69 -0.54 9.62 -4.75 8.81 -8.50 4.70 -12.65 5.54 -11.18 11.77 2.14 
8.56 4.57 11.64 7.22 1.83 7.94 3.16 0.10 7.69 -0.56 9.63 -4.81 8.72 -8.59 4.53 -12.80 5.43 -11.26 11.79 2.17 
8.55 4.62 11.68 7.29 1.90 8.00 3.23 0.15 7.69 -0.57 9.63 -4.87 8.62 -8.69 4.37 -12.95 5.32 -11.34 11.80 2.19 
8.55 4.66 11.73 7.36 1.97 -0.06 3.31 0.19 7.69 -0.59 9.64 -4.92 8.52 -8.78 4.20 -13.10 5.22 -11.42 11.82 2.21 
8.55 4.71 11.77 7.43 2.03 0.00 3.38 0.24 7.69 -0.61 9.64 -4.98 8.42 -8.87 4.03 -13.24 5.11 -11.50 11.83 2.24 
8.54 4.76 11.81 7.50 2.09 0.06 3.45 0.29 7.69 -0.62 9.65 -5.04 8.32 -8.97 3.87 -13.39 5.00 -11.58 11.85 2.27 
8.54 4.81 11.86 7.57 2.16 0.12 3.52 0.34 7.69 -0.64 9.65 -5.10 8.22 -9.06 3.70 -13.54 4.90 -11.65 11.86 2.29 
8.53 4.86 11.90 7.64 2.22 0.18 3.60 0.38 7.69 -0.66 9.65 -5.16 8.12 -9.15 3.53 -13.69 4.79 -11.73 11.88 2.32 
8.52 4.91 11.94 7.71 2.28 0.24 3.67 0.43 7.68 -0.67 9.65 -5.23 8.02 -9.25 3.36 -13.84 4.68 -11.81 11.90 2.34 
8.52 4.96 11.98 7.78 2.34 0.29 3.74 0.47 7.68 -0.69 9.64 -5.29 7.92 -9.34 3.20 -13.98 4.58 -11.89 11.91 2.37 
8.51 5.01 -0.03 7.86 2.40 0.35 3.81 0.52 7.68 -0.71 9.64 -5.35 7.82 -9.43 3.03 -14.13 4.47 -11.97 11.93 2.39 
8.50 5.06 0.02 7.93 2.46 0.41 3.88 0.56 7.68 -0.72 9.63 -5.41 7.71 -9.52 2.86 -14.28 4.36 -12.04 11.94 2.42 
8.50 5.11 0.06 -0.00 2.52 0.46 3.95 0.61 7.67 -0.74 9.62 -5.47 7.61 -9.62 2.70 -14.42 4.26 -12.12 11.96 2.44 
8.49 5.16 0.10 0.07 2.58 0.52 4.01 0.65 7.67 -0.76 9.61 -5.54 7.51 -9.71 2.53 -14.57 4.15 -12.20 11.97 2.47 
8.48 5.21 0.14 0.14 2.64 0.57 4.08 0.70 7.67 -0.78 9.59 -5.60 7.41 -9.80 2.36 -14.72 4.04 -12.28 11.99 2.49 
8.47 5.27 0.19 0.21 2.70 0.62 4.15 0.74 7.66 -0.79 9.58 -5.66 7.31 -9.89 2.19 -14.86 3.93 -12.35 -0.01 2.52 
8.46 5.32 0.23 0.27 2.75 0.68 4.22 0.79 7.66 -0.81 9.56 -5.72 7.20 -9.98 2.03 -15.01 3.83 -12.43 0.01 2.54 
8.45 5.37 0.27 0.34 2.81 0.73 4.29 0.83 7.65 -0.83 9.55 -5.78 7.10 -10.07 1.86 -15.16 3.72 -12.51 0.03 2.57 
8.44 5.42 0.32 0.40 2.87 0.78 4.36 0.88 7.65 -0.85 9.53 -5.85 7.00 -10.16 1.69 -15.30 3.61 -12.58 0.04 2.59 
8.44 5.48 0.36 0.46 2.93 0.83 4.43 0.92 7.65 -0.87 9.52 -5.91 6.90 -10.25 1.52 -15.45 3.50 -12.66 0.06 2.62 
8.43 5.53 0.40 0.52 2.99 0.89 4.50 0.96 7.64 -0.89 9.51 -5.97 6.80 -10.35 1.36 -15.60 3.40 -12.74 0.07 2.65 
8.42 5.58 0.45 0.57 3.05 0.94 4.57 1.01 7.64 -0.91 9.49 -6.03 6.70 -10.44 1.19 -15.74 3.29 -12.81 0.09 2.67 
8.41 5.63 0.49 0.63 3.11 0.99 4.64 1.05 7.64 -0.92 9.48 -6.10 6.59 -10.53 1.02 -15.89 3.18 -12.89 0.10 2.70 
