0.0000 -12650533709804244899364455452379017604896559478014201059432604433583027230245087721935947025841375137258929683425684178862080.0000
1.0000 -12650533709803906709232536020394201519690621813482258961145561635521645380345187083836330522225516364603162276732447580225536.0000
2.0000 37907962772956022716521650486629941530627894346913330750030198137204758367864628569120019994644665215016471283208920473010176.0000
3.0000 -63034635346304821499363859092295913660949763127202326058248648606509245165676603762025163318143178003128613546855065630801920.0000
4.0000 87943911921812130996080713500503240342537460686999637761655831853788550512166508187989821864835584506763485596371418043383808.0000
5.0000 -112549960182847360250974540196418493314510550309946351693284506570499648237812402281347083804630312542522115971843951425486848.0000
6.0000 136768097310468752928912405668704088359416578124145609861797348577468008399595553027708648726487009128901154098577901954793472.0000
7.0000 -160515150574919411632201710510599561816223610792821706177338318682846030449365113797282909568216171421774343090882250547396608.0000
8.0000 183709839843761850170647140437878238193993197344421026466550267856115771866690925407749639243053483511440606574613537457438720.0000
9.0000 -206273184515547935522111204204309242875117268255095928901411087488112463859211710047552184568078538127114354097918672134733824.0000
10.0000 228128936093245958124989128202353861469815732416473457458065053248149642717664979968789463659893125541026077013557683914014720.0000
11.0000 -249204036187262228311806420175552852461210217336853828566480278526743939689006563502364070699256683332666455843959091754958848.0000
12.0000 269429098230589783788262341468716543973025215188919870262871433957538839888003334971154196009163624911505650177168357185290240.0000
13.0000 -288738909648011450014128069374130953943329249744624678288612715840159305647797831860494613724603717258052631472228761098780672.0000
14.0000 307072949698277477035822706695305914837089183655396931252156390267753205197876955147824728656975892754453202266267307787419648.0000
15.0000 -324375916753371187915425799469746062490386014996656442443110065265298907167867347484503171880239739661669806507817846345564160.0000
16.0000 340598257441046836881802449840662495403189113646167660083774724166141897856514584800111335370549672130155109170110838102556672.0000
17.0000 -355696688901127375573329361976124336881716918781528675145845702003678814327606426359791264394568222628775171664194187063984128.0000
18.0000 369634704433127469575929604653331415266262812805682962759063618742496539232138562392736095390874594093906155821442265778225152.0000
19.0000 -382383052077284360400206727013743352698474083229019032400198945871302801781554139734519805126509234052063367468792533124907008.0000
20.0000 393920175200695548830028383412548034989773802896945348066310918741772499956933778225508003333231092233188017941363397421432832.0000
21.0000 -404232603974965196775197483349340822137721560584496691379176106821827344084253970722912237870115814915508815399228692492189696.0000
22.0000 413315286743324507932233485820628726185891305917145539846925219580284869018031680376563352938138106341334790781589244918890496.0000
23.0000 -421171850686883948208175736118776825109138405667740589323131212961101607220649000097700363604310364830134472114018485966733312.0000
24.0000 427814781906378760382883364695407472259893630438177672554910199412405478983996574885715114487915622480062764474825720872304640.0000
25.0000 -433265516024133119614440140126793451189247567462940238533361296672110881732066162126643365509854109879164731352275555421519872.0000
26.0000 437554431660047901340031476068814203775080738754143857104272502639343407667048166445867002173164495440931719997691559346700288.0000
27.0000 -440720740617287806238369090095315592703942241865368216337808424552162653842620279208588687364513582133891313102015077545934848.0000
28.0000 442812270294129528758565639895844139628660847831214933232686094002192345026579183091395914614590061431832931421865577205989376.0000
29.0000 -443885135679286917977798950048178694641035024179989635516312862662115946315537597223341570120774282039254826379847914519265280.0000
30.0000 444003300246347220940569636657358551448156295171955411614269447872046275330712240732633673767000618555767276074812692813053952.0000
31.0000 -443238027093613266908519070914508330109149601992311989864963030142198781944432535915102839112974665839381579861969971489800192.0000
32.0000 441667223732269023506315467187406023429870720698968893248210833785701861556620856098607593307048430470921763850345391778168832.0000
33.0000 -439374685961936752320133776332519652887763897795866351447126108402799952069464147505410279979213264934982875022067821096992768.0000
34.0000 436449248243164506789386830411568659571696650330883999177500278612979166611207408162463664699543672677618911578505347323658240.0000
35.0000 -432983849838170646042164717544580674332976256249913906785425732511487228931174964228164869104638733967458032577916917382119424.0000
36.0000 429074527704534633117662696108265600092943246239753653832061818829980033391042358078925837378902236060050145985667985951424512.0000
37.0000 -424819348655809092007954458629985050409857189057470223465209737474146805964381218852439198249866968204159967185758973610426368.0000
38.0000 420317294617287933711047626400523485363818000914217034223978646337317710154696907889858022450443723390264610301778035797393408.0000
39.0000 -415667115878733326372249815078942237660801571940219837313201873507614607015003702969473093633737169195830745270704173828014080.0000
40.0000 410966168058669996725860551293797051027196855274576974331873594313928552073309359658643279076223805923123910262236900153622528.0000
41.0000 -406309249032574578513232576833380239408575182501275849942421082537478584844640816242734385354257928522393330465982124247744512.0000
42.0000 401787452331428138367005469511361757362811210300419957928253189898447874588375122684835089395495113968120236848717176110055424.0000
43.0000 -397487053484826675668968413008531045761801771417996111598214619061995075288743958284993202580360462892869954373586270535286784.0000
44.0000 393488445466785423202384592261620926854925138085704154357858199162917100385239760330115906331714251109300429941882093526056960.0000
45.0000 -389865138810302710241358925051368113005281131881060946966888286257148006957115652781554288007152831491937385967967983055667200.0000
46.0000 386682841101128341423755865145259199777598539980836389849374011010906020217490239109704768788098380113891196547096116996341760.0000
47.0000 -383998629458797651488755431402096806157236091193487400787185878101641961328809582018671090134206877172056957876644967738245120.0000
48.0000 381860228284369474991211972652126504100744499396773563186101819779431583537818992906600372677486175505615595404981242823704576.0000
49.0000 -380305403023292788308608623395915335375691121777443350885684818581852727319260882018180786818464258394614150615004563483131904.0000
50.0000 379361478985048071951784576768720971687452446876649440218025307351109504065863668794329889095992040814775807796982163829686272.0000
51.0000 -379044992407601352678229394466254354486995889275691072233515790865984437836563572836254946675562676202405865551243290079133696.0000
52.0000 379361478985048071951784576768720971687452446876649440218025307351109504065863668794329889095992040814775807796982163829686272.0000
53.0000 -380305403023292788308608623395915335375691121777443350885684818581852727319260882018180786818464258394614150615004563483131904.0000
54.0000 381860228284369625297937270177453089027502693914343315229784949911903308804441170967977980012426557182351492030178236867543040.0000
55.0000 -383998629458797801795480728927423391083994285711057152830869008234113686595431760080048697469147258848792854501841961782083584.0000
56.0000 386682841101128566883843811433249077167735831757191017914898706209613608117423506201771179790508952628995041484891608062099456.0000
57.0000 -389865138810303086008172168864684575322176618174985327076096111588327320123671097934998306344503785683777127530960468165263360.0000
58.0000 393488445466785874122560484837600681635199721638413410488907589560332276185106294514248728336535396139508119817473075657572352.0000
59.0000 -397487053484827051435781656821847508078697257711920491707422444393174388455299403438437220917711417084709695936578755644882944.0000
60.0000 401787452331428739593906659612668097069843988370698966102985710428334775654863834930345518735256640675063823349505152285409280.0000
61.0000 -406309249032574954280045820646696701725470668795200230051628907868657898011196261396178403691608882714233072028974609357340672.0000
62.0000 410966168058670447646036443869776805807471438827286230462922984711343727873175893842776101081044950953331600137827882285137920.0000
63.0000 -415667115878733702139063058892258699977697058234144217422409698838793920181559148122917111971088123387670486833696658937610240.0000
64.0000 420317294617288309477860870213839947680713487208141414333186471668497023321252353043302040787794677582104351864770520906989568.0000
65.0000 -424819348655809618081492999968628097653510869868964355618100692937797844397558842067260823922158304072735605373948452763860992.0000
66.0000 429074527704535159191201237446908647336596927051247785984952774293631071824219981293747463051193571928625784173857465104859136.0000
67.0000 -432983849838171096962340610120560429113250839802623162916475122908902404731041498412297691109459878997665722453507899513634816.0000
68.0000 436449248243164957709562722987548414351971233883593255308549669010394342411073942346596486704364817707826601454096329455173632.0000
69.0000 -439374685961937278393672317671162700131417578607360483600017063866450990502641770720231905651504600803558513210257300250427392.0000
70.0000 441667223732269699886579306051375655600282596028032777444784919381824625256420657374806826314280148016233298663731864975441920.0000
71.0000 -443238027093613792982057612253151377352803282803806122017853985605849820377610159129924464785266001707957218050159450643234816.0000
72.0000 444003300246347596707382880470675013765051781465879791723477273203225588497267685886077692104351572747607017637805177922650112.0000
73.0000 -443885135679287368897974842624158449421309607732698891647362253059531122115404131407474392125595427069462516255438896650780672.0000
74.0000 442812270294129904525378883709160601945556334125139313341893919333371658193134628244839932951941015623672672984858062315585536.0000
75.0000 -440720740617288407465270280196621932410975019935647224512540945082049554909108991454099116704275108840834899602803053721288704.0000
76.0000 437554431660048577720295314932783835945492614083207741300846588235466171366847967722066235180396212986243254811078032543973376.0000
77.0000 -433265516024133720841341330228099790896280345533219246708093817201997782798554874372153794849615636586108317853063531596873728.0000
78.0000 427814781906379511916509852322040396893684603026026432773325850074764105317107465192603151162617530863742247600810691091496960.0000
79.0000 -421171850686884699741802223745409749742929378255589349541546863623460233553759890404588400279012273213813955240003456185925632.0000
80.0000 413315286743325034005772027159271773429544986728639671999816175043935907451209303591384978610429442209910428969778724072325120.0000
81.0000 -404232603974965798002098673450647161844754338654775699553908627351714245150742682968422667209877341622452401900016668667543552.0000
82.0000 393920175200696150056929573513854374696806580967224356241043439271659401023422490471018432672992618940131604442151373596786688.0000
83.0000 -382383052077285036780470565877712984868885958558082916596773031467425565481353941010719038133740951597374902282179006322180096.0000
84.0000 369634704433127995649468145991974462509916493617177094911954574206147577665316185607557721063165929962481794009631744931659776.0000
85.0000 -355696688901127901646867903314767384125370599593022807298736657467329852760784049574612890066859558497350809852383666217418752.0000
86.0000 340598257441047362955340991179305542646842794457661792236665679629792936289692208014932961042841007998730747358300317255991296.0000
87.0000 -324375916753371676412283016427057463502350147178758136585080238195832014284389426183980395718795980111061470539708076988039168.0000
88.0000 307072949698278003109361248033948962080742864466891063405047345731404243631054578362646354329267228623028840454456786940854272.0000
89.0000 -288738909648011938510985286331442354955293381926726372430582888770692412764319910559971837563159957707444295504118991741255680.0000
90.0000 269429098230590309861800882807359591216678896000414002415762389421189878321180958185975821681454960780081288365357836338724864.0000
91.0000 -249204036187262604078619663988869314778105703630778208675688103857923252855562008655808089036607637524506197406951576864555008.0000
92.0000 228128936093246446621846345159665262481779864598575151600035226178682749834187058668266687498449365990417741045447914556489728.0000
93.0000 -206273184515548311288924448017625705192012754549020309010618912819291777025767155200996202905429492318954095660911157244329984.0000
94.0000 183709839843762188360779059869863054279199135008952968564837310654177153716590826045849255746669342284096373981306774056075264.0000
95.0000 -160515150574919731033992967751918554785584774142657429270164970214348446640937242177710325154964482484838123419425862890553344.0000
96.0000 136768097310469091119044325100688904444622515788677551960084391375529390249495453665808265230102867901556921505271138553430016.0000
97.0000 -112549960182847698441106459628403309399716487974478293791571549368561030087712302919446700308246171315177883378537188024123392.0000
98.0000 87943911921812469186212632932488056427743398351531579859942874651849932362066408826089438368451443279419253003064654642020352.0000
99.0000 -63034635346305159689495778524280729746155700791734268156535691404570627015576504400124779821759036775784380953548302229438464.0000
100.0000 37907962772956365603738735466281213394795025590119327599682338751905881632346472271637686727477410915070235459439563135516672.0000
