0.0000 0.0000
1.0000 0.0177
2.0000 0.0354
3.0000 0.0531
4.0000 0.0709
5.0000 0.0889
6.0000 0.1069
7.0000 0.1251
8.0000 0.1435
9.0000 0.1620
10.0000 0.1808
11.0000 0.1997
12.0000 0.2188
13.0000 0.2381
14.0000 0.2576
15.0000 0.2773
16.0000 0.2971
17.0000 0.3171
18.0000 0.3373
19.0000 0.3575
20.0000 0.3778
21.0000 0.3982
22.0000 0.4185
23.0000 0.4389
24.0000 0.4591
25.0000 0.4792
26.0000 0.4992
27.0000 0.5189
28.0000 0.5384
29.0000 0.5575
30.0000 0.5762
31.0000 0.5945
32.0000 0.6124
33.0000 0.6297
34.0000 0.6464
35.0000 0.6624
36.0000 0.6778
37.0000 0.6924
38.0000 0.7062
39.0000 0.7192
40.0000 0.7313
41.0000 0.7425
42.0000 0.7527
43.0000 0.7620
44.0000 0.7702
45.0000 0.7774
46.0000 0.7835
47.0000 0.7886
48.0000 0.7925
49.0000 0.7953
50.0000 0.7970
51.0000 0.7976
52.0000 0.7970
53.0000 0.7953
54.0000 0.7924
55.0000 0.7884
56.0000 0.7834
57.0000 0.7772
58.0000 0.7700
59.0000 0.7617
60.0000 0.7524
61.0000 0.7420
62.0000 0.7308
63.0000 0.7186
64.0000 0.7055
65.0000 0.6915
66.0000 0.6768
67.0000 0.6613
68.0000 0.6451
69.0000 0.6282
70.0000 0.6107
71.0000 0.5926
72.0000 0.5740
73.0000 0.5549
74.0000 0.5354
75.0000 0.5156
76.0000 0.4954
77.0000 0.4750
78.0000 0.4543
79.0000 0.4335
80.0000 0.4125
81.0000 0.3914
82.0000 0.3703
83.0000 0.3491
84.0000 0.3280
85.0000 0.3068
86.0000 0.2857
87.0000 0.2647
88.0000 0.2438
89.0000 0.2230
90.0000 0.2022
91.0000 0.1816
92.0000 0.1611
93.0000 0.1407
94.0000 0.1204
95.0000 0.1002
96.0000 0.0800
97.0000 0.0600
98.0000 0.0399
99.0000 0.0200
100.0000 0.0000
