0.0000 0.4916
1.0000 0.4916
2.0000 0.4920
3.0000 0.4915
4.0000 0.4926
5.0000 0.4915
6.0000 0.4934
7.0000 0.4917
8.0000 0.4943
9.0000 0.4921
10.0000 0.4955
11.0000 0.4927
12.0000 0.4968
13.0000 0.4935
14.0000 0.4983
15.0000 0.4944
16.0000 0.4999
17.0000 0.4955
18.0000 0.5015
19.0000 0.4967
20.0000 0.5033
21.0000 0.4979
22.0000 0.5052
23.0000 0.4993
24.0000 0.5070
25.0000 0.5007
26.0000 0.5089
27.0000 0.5021
28.0000 0.5108
29.0000 0.5035
30.0000 0.5126
31.0000 0.5049
32.0000 0.5144
33.0000 0.5063
34.0000 0.5160
35.0000 0.5075
36.0000 0.5176
37.0000 0.5087
38.0000 0.5189
39.0000 0.5098
40.0000 0.5202
41.0000 0.5107
42.0000 0.5212
43.0000 0.5115
44.0000 0.5221
45.0000 0.5121
46.0000 0.5228
47.0000 0.5126
48.0000 0.5232
49.0000 0.5128
50.0000 0.5234
51.0000 0.5129
52.0000 0.5234
53.0000 0.5128
54.0000 0.5232
55.0000 0.5126
56.0000 0.5228
57.0000 0.5121
58.0000 0.5221
59.0000 0.5115
60.0000 0.5212
61.0000 0.5107
62.0000 0.5202
63.0000 0.5098
64.0000 0.5189
65.0000 0.5087
66.0000 0.5176
67.0000 0.5075
68.0000 0.5160
69.0000 0.5063
70.0000 0.5144
71.0000 0.5049
72.0000 0.5126
73.0000 0.5035
74.0000 0.5108
75.0000 0.5021
76.0000 0.5089
77.0000 0.5007
78.0000 0.5070
79.0000 0.4993
80.0000 0.5052
81.0000 0.4979
82.0000 0.5033
83.0000 0.4967
84.0000 0.5015
85.0000 0.4955
86.0000 0.4999
87.0000 0.4944
88.0000 0.4983
89.0000 0.4935
90.0000 0.4968
91.0000 0.4927
92.0000 0.4955
93.0000 0.4921
94.0000 0.4943
95.0000 0.4917
96.0000 0.4934
97.0000 0.4915
98.0000 0.4926
99.0000 0.4915
100.0000 0.4920
