0.0000 0.0000
1.0000 0.0005
2.0000 0.0010
3.0000 0.0017
4.0000 0.0026
5.0000 0.0039
6.0000 0.0058
7.0000 0.0083
8.0000 0.0118
9.0000 0.0164
10.0000 0.0226
11.0000 0.0305
12.0000 0.0406
13.0000 0.0532
14.0000 0.0688
15.0000 0.0876
16.0000 0.1100
17.0000 0.1363
18.0000 0.1666
19.0000 0.2008
20.0000 0.2390
21.0000 0.2808
22.0000 0.3258
23.0000 0.3736
24.0000 0.4233
25.0000 0.4743
26.0000 0.5257
27.0000 0.5767
28.0000 0.6264
29.0000 0.6742
30.0000 0.7192
31.0000 0.7610
32.0000 0.7992
33.0000 0.8334
34.0000 0.8637
35.0000 0.8900
36.0000 0.9124
37.0000 0.9312
38.0000 0.9468
39.0000 0.9594
40.0000 0.9695
41.0000 0.9774
42.0000 0.9836
43.0000 0.9882
44.0000 0.9916
45.0000 0.9942
46.0000 0.9960
47.0000 0.9973
48.0000 0.9981
49.0000 0.9987
50.0000 0.9990
51.0000 0.9991
52.0000 0.9990
53.0000 0.9987
54.0000 0.9981
55.0000 0.9973
56.0000 0.9960
57.0000 0.9942
58.0000 0.9916
59.0000 0.9882
60.0000 0.9836
61.0000 0.9774
62.0000 0.9695
63.0000 0.9594
64.0000 0.9468
65.0000 0.9312
66.0000 0.9124
67.0000 0.8900
68.0000 0.8637
69.0000 0.8334
70.0000 0.7992
71.0000 0.7610
72.0000 0.7192
73.0000 0.6742
74.0000 0.6264
75.0000 0.5767
76.0000 0.5257
77.0000 0.4743
78.0000 0.4233
79.0000 0.3736
80.0000 0.3258
81.0000 0.2808
82.0000 0.2390
83.0000 0.2008
84.0000 0.1666
85.0000 0.1363
86.0000 0.1100
87.0000 0.0876
88.0000 0.0688
89.0000 0.0532
90.0000 0.0406
91.0000 0.0305
92.0000 0.0225
93.0000 0.0164
94.0000 0.0117
95.0000 0.0082
96.0000 0.0056
97.0000 0.0037
98.0000 0.0022
99.0000 0.0010
100.0000 0.0000
