0.0000 0.0000
1.0000 -24966093407261583839970921892295164175176216038448013306588691094772954428484090372036348059050039725653847586300082161451008.0000
2.0000 49849979878349028011614539663109903628189976781566076374464131171773711667235880247160016635630803839441255245303319999021056.0000
3.0000 -74569693266420747480889060211283061603451503649113451160161270192181060810066427736730999117477728244073339473117106380210176.0000
4.0000 99043755904618377538944032565219042177212940381568578518747755961048468894721676810300081428444451214636690449283753202155520.0000
5.0000 -123191439805033328139335605136255642506662755791916628610050030706069264531509729402500677473850623566469469042321510046367744.0000
6.0000 146933047393590482968285627548843260487472375909557585170873363091332644659497612327542406311509434248770674401552766762745856.0000
7.0000 -170190216962182871882161757159575558100420454629155045004637591073161896397465428708356943128804719372497612174490708962443264.0000
8.0000 192886256932837994579404436256706755086512513520671258809257727888633920610740367188861883405177371916761301243929475774676992.0000
9.0000 -214946511736004732066048972281174087758505072725805937879096782872413719341326587513183441863966461827541935518833869460602880.0000
10.0000 236298760646843018366015109961416156714769088269725820566131595256317466548414106969997987556495712723225342433079733098905600.0000
11.0000 -256873649345541609155221890784214095165513309868705703243177229105411325279031800372289694803149007626950618501660643285794816.0000
12.0000 276605152319840731254469331320176641999683566423476003916105088359612856727822186864360485261105319771177794216192387233873920.0000
13.0000 -295431062562030369961480739096287717726555524961160142054033231943027330162211388717166130533226499286522242889890574452654080.0000
14.0000 313293503381368489469900448515860865421970719458928403369428966341631545304828159674633555261622931213918003210990339468820480.0000
15.0000 -330139455607819656130454027326956732554421991834088069470858372554239102925533913747076127861177809668045980839320351015960576.0000
16.0000 345921292053522273812133429991095836434287196719117514390208761199414757234641345033041164549295178132697981237216139068571648.0000
17.0000 -360597309869778854543384463684537797770162847713877814158449499849920202254049693887953346910934452873353714187975677561536512.0000
18.0000 374132250429717419039215104291935491277933981978530636793595937496338008175020535844610798859033595085025741226291122977898496.0000
19.0000 -386497795613819223978894683931260600401376939118089091935922516550921482741094737095858606767485435331597468812255157723070464.0000
20.0000 397673028903615689932299580501048542975416199063464266911609493979563639634584361571585908512286472860083481987026929074569216.0000
21.0000 -407644849516445369059379258425891967994487543953532932485292899072820322076528806352902201762748302281771441782678696797143040.0000
22.0000 416408327951156752185491803337371328430238124727275587939382774866312638901487991927267450586375737570881252706207642467434496.0000
23.0000 -423966991762390253967035232970168321846066394158231364455822111716574740358450591567164166488204573899130807097977780112982016.0000
24.0000 430333031132388772364559331567510100046106152641518638195290373411923748343839428307487724587573130232513233162427221634187264.0000
25.0000 -435527414848796032333742653063961861772540584854718285655092235515785631859472033833772662192038822807354344052113192941256704.0000
26.0000 439579908601636296148556687702183883510719844777566912380741343669181501705930412624913902977547910341920178763827861604270080.0000
27.0000 -442528989052847156528876753248681626931716026565193554816086454233185074484793362960019857915910278575709153308982839215128576.0000
28.0000 444421648871698753179899071869530414015032946001882930180109312014284418779842212062108959399568888869617074662892260919607296.0000
29.0000 -445313089828787445241034721250647763988164290373292112224520852083705899205977872320889342520221130676264987442744160424034304.0000
30.0000 445266303056069152375660942184588950979096398246992434535788961729847704469835821868970941037731460058466685608496860753821696.0000
31.0000 -444351537664354329625357895195915856056830512886949964277479938517444130498520126530010369475965856559336710493074743929864192.0000
32.0000 442645661015491879133754850599648655685133009202456500280840736451540330805115135750442273616250311182997084115429617976737792.0000
33.0000 -440231416027105402908721828459806908988288296958017565554245540547240578321599177885811888388964515082568823577580629064155136.0000
34.0000 437196582897449228433110423729554623044450449608377809698628627948611354353279348927830326835901707730838251042249700920000512.0000
35.0000 -433633054533588418820961841662314022688845251887206363157957314253885050594608101221996047904782293524318858672623128133238784.0000
36.0000 429635836707835308900347181167844832937976306025079781788592353138891216819980777821097171035492821266212154523669980501770240.0000
37.0000 -425301985519724780363085576191892664641224760245567382313732579320117203456847600621774082231793066429072458280096459932041216.0000
38.0000 420729496073104802162626803418567535540850255106469393374284602678672168775394647538188692260134329777715211984109906396446720.0000
39.0000 -416016157364960447542234540407751122758430092440919582099184697549145773613848014397999740708217761508101669087822260065009664.0000
40.0000 411258389204803009146965508201781337691476838860774197192926492910360198061907293304458601904563722798880152894230171515617280.0000
41.0000 -406550077527194921638496527116432909875387719889819654571796189655317878252616874544302415579290239080382624332572358885769216.0000
42.0000 401981424717375305728126437669509757776904523774346365149660553515825715961404387757200549817364360802674187233088128401014784.0000
43.0000 -397637831538944548948466582792476845854211190848411393090445729956250575388458761649337297341605107827978088941292156388114432.0000
44.0000 393598826936477307452649686675521651806053595845354848969101544611494185725044426880592619937665765051631849841286200344707072.0000
45.0000 -389937061393284717365966024695583275097873258279848826845918986369513496053048995268248814023979407940321560624297122730082304.0000
46.0000 386717378668515759172149154489257844024438098057320080938735168718473342933078872074350423532006075964380303650431800159764480.0000
47.0000 -383995979635788560261151264594905498243212917361191279326544856137104480478812175842852971248932519306462493331515095579099136.0000
48.0000 381819690618750310863811059735357903511941865367268235059396818853178874793158516965212070322156919981771144488544981764538368.0000
49.0000 -380225347091728946342798846125787545188368381221023323806585171516227146881284386990098866739332682143737052396597228943179776.0000
50.0000 379239301913039698061413025194774889339123812060092161591567300001554882041785228290773995801259224420923857650395260259401728.0000
51.0000 -378877065413831474549433223296173656795605745290563611655400082070338921635193968151522683688691302403370961260934810935754752.0000
52.0000 379143082707599109466240533890657616749321852688857028701662691201588274730525976352276151938283790083340575028008578948530176.0000
53.0000 -380030651546938271874824841961737580424002024969761752173515262553011823511496055700191656897061859167545778608042061705773056.0000
54.0000 381521981967906151314346598539626792845133214656860507057253295944170470446293880597349454527314278024556690039050065070260224.0000
55.0000 -383588396862027979675926460145732070955824582755795800993161166504540208889889393827421604715217148840717936272492270786183168.0000
56.0000 386190670535161634594607182343991941874267234744625158593939181358543689149285861697668316790229616043546667975493616064790528.0000
57.0000 -389279500284328969111755821204871086556986908232995289049629731549648654964649402509775257565770904763194865619160819327565824.0000
58.0000 392796104080739669205963573249203634035391428659793513694058577921992372457649979984632119977818567856106844187477947837317120.0000
59.0000 -396672935620907676293596797241998272596076089833137433389515020917134763430887772889189991034983953902050844358812210720407552.0000
60.0000 400834506327757443153488689338358424873641532634101986120553856177346700358671790591802433552337818161172621302523149225558016.0000
61.0000 -405198302377709542260335183612601206003243004651972092362684057143509610002882824285082376621158712556492549319936570965360640.0000
62.0000 409675783523230310090141749791216590649728981701049364754350107421979933827421389616928915554624129735940218985891067647229952.0000
63.0000 -414173449395622939510814050044361148374716775357199113831619656930419756108989127294844607917546502078037691189923340045254656.0000
64.0000 418593958128925668282312961860167392560909889816423798391757225415092246927564162667965114318644909331990482996392503634034688.0000
65.0000 -422837281557815794653078203235101701479432855114314754235232511620421237282922900563713555890137735798876898832884244856963072.0000
66.0000 426801880921231792879363310455428281059186823657690317712534736072392718216749092473384520653756615456629197627383761749409792.0000
67.0000 -430385886955164716908694096783642015689100737653463266548008990885940547704450353813289118974771710362868081763070850807889920.0000
68.0000 433488268483805380028970479114100191570183391318062017091940550150087545533102405781493929153972321618016509946352353960525824.0000
69.0000 -436009974113755691228644609777021348090959175619943004987179759015225189847999026220636850891555031117487194771497275424243712.0000
70.0000 437855032391569641077161690299341915599188085633857673219131429302626039516366017920459531616862165509712942321194133044068352.0000
71.0000 -438931596785303712844536916833418636278867209916230250503606282216039507782048714008081662566674453577161064861451478569582592.0000
72.0000 439152923075302755210188135958747827633977158023431728663766448562713591403760467366892072422825436264400386658790277522653184.0000
73.0000 -438438268162368579896789142108168531264785602083481678382963473034155751405485082545319438898646214297318483535140647558184960.0000
74.0000 436713700892094799311950664038315670745338131024826527900573424641696147962422839406883393416762106990684399735417767236468736.0000
75.0000 -433912817217770494087486653951116278358876696974092298741842664378294005446351005971511085931881604841737555306415407916646400.0000
76.0000 429977353842551003257269638260065009651801588995289081641664347703197787165178978207083970792880975843526323831298958659944448.0000
77.0000 -424857696353764497674404983477783499300466749306103470300970343010434666129603231507022742062565827750293741305993855296864256.0000
78.0000 418513279745770607239488258491992599890168842736100423622198533055006054043727404452482321547349318834372987234448023364829184.0000
79.0000 -410912881079799879981696901143500474807760327099013755138953308893247662914404803991585870456167412406429009855094275646160896.0000
80.0000 402034805807343811609029056358936322348010670017485763388302442332634048536856408326551745455768844358670219429129222682050560.0000
81.0000 -391866970947549435336573152749268144303663863334793561970326790015865560261904628340133363461620504449470805668114490168705024.0000
82.0000 380406889821259274720921804574297815454252048278102245727418526973728944998186382429711176158213763611152145896064043592974336.0000
83.0000 -367661564371675260696473429024419607165120685075887261126068376873482581796686314736263394196431481199479254293200385846804480.0000
84.0000 353647292216091563694550420622098448591805396661647970472126352898283373899095370022074252658781095556847960953357754848772096.0000
85.0000 -338389396452948631570226339006980099448546287611053670992318624911980399854652720935721844767630768956011093699507574836035584.0000
86.0000 321921886878621669871629498075850842030240450645106471337883516271780738791651369021639288361765273237793073999410207750356992.0000
87.0000 -304287061641362291803181498754957859956946266508707403377816366793276635942252474766511588597283263463464455158229819434467328.0000
88.0000 285535058475829693056443365326625350274550865892446484956076174654084035346389152661988199098613363230815763331734278059851776.0000
89.0000 -265723364528656278562310211888426573663013427719436760442644936506708668040736215840876926701983813962452053447072765423124480.0000
90.0000 244916293419016163358396791971742890014548000207707206093589783702956333243772706514179239309539658102301106434019041199783936.0000
91.0000 -223184437600870018107270933649680771000838985454592363975490165378588266868876104095660349554370338716839992527682351881256960.0000
92.0000 200604103334494083002180937899186725495909109591493491553595902229964545103115381170691583870860715601902955186900253011869696.0000
93.0000 -177256734668601146318830833270201455175143848491795903161974508960494214407707641717794472926123543023761570300852804849238016.0000
94.0000 153228331819692380843369559805528343423830951236156072816680588660504192981678830166455744655400845530159804908161720458936320.0000
95.0000 -128608868254132106877013562934622236265330304605120014824514040343455901542342956354339236163297364887331057983841715689095168.0000
96.0000 103491709674346592254715066647504491115800619059095127456256949677483200796084891211539906291097511180668758640930431518638080.0000
97.0000 -77973037027155442502871377130035734054981730721780347275165661650494917183043329436250774325150355626035078356438960717168640.0000
98.0000 52151274631844674600670621712566280764151357869614375502170291108999008244361046034040505505179882132073225278693462767566848.0000
99.0000 -26126523607641985186936545654310699808399091327434760038335734263601104430936762043293143017119611310036187433145823966265344.0000
100.0000 0.0000
