0.0000 1.0000
1.0000 0.9204
2.0000 0.8424
3.0000 0.7644
4.0000 0.6908
5.0000 0.6173
6.0000 0.5507
7.0000 0.4841
8.0000 0.4262
9.0000 0.3682
10.0000 0.3197
11.0000 0.2713
12.0000 0.2323
13.0000 0.1933
14.0000 0.1633
15.0000 0.1332
16.0000 0.1109
17.0000 0.0886
18.0000 0.0728
19.0000 0.0569
20.0000 0.0460
21.0000 0.0352
22.0000 0.0281
23.0000 0.0210
24.0000 0.0165
25.0000 0.0120
26.0000 0.0093
27.0000 0.0066
28.0000 0.0051
29.0000 0.0035
30.0000 0.0027
31.0000 0.0018
32.0000 0.0013
33.0000 0.0009
34.0000 0.0006
35.0000 0.0004
36.0000 0.0003
37.0000 0.0002
38.0000 0.0001
39.0000 0.0001
40.0000 0.0001
41.0000 0.0000
42.0000 0.0000
43.0000 0.0000
44.0000 0.0000
45.0000 0.0000
46.0000 0.0000
47.0000 0.0000
48.0000 0.0000
49.0000 0.0000
50.0000 0.0000
51.0000 0.0000
52.0000 0.0000
53.0000 0.0000
54.0000 0.0000
55.0000 0.0000
56.0000 0.0000
57.0000 0.0000
58.0000 0.0000
59.0000 0.0000
60.0000 0.0000
61.0000 0.0000
62.0000 0.0000
63.0000 0.0000
64.0000 0.0000
65.0000 0.0000
66.0000 0.0000
67.0000 0.0000
68.0000 0.0000
69.0000 0.0000
70.0000 0.0000
71.0000 0.0000
72.0000 0.0000
73.0000 0.0000
74.0000 0.0000
75.0000 0.0000
76.0000 0.0000
77.0000 0.0000
78.0000 0.0000
79.0000 0.0000
80.0000 0.0000
81.0000 0.0000
82.0000 0.0000
83.0000 0.0000
84.0000 0.0000
85.0000 0.0000
86.0000 0.0000
87.0000 0.0000
88.0000 0.0000
89.0000 0.0000
90.0000 0.0000
91.0000 0.0000
92.0000 0.0000
93.0000 0.0000
94.0000 0.0000
95.0000 0.0000
96.0000 0.0000
97.0000 0.0000
98.0000 0.0000
99.0000 0.0000
100.0000 0.0000
