0.0000 0.0000
1.0000 -73127811301990003260890436011296636763373568.0000
2.0000 153823171647224258591048759856398450588385280.0000
3.0000 -249850691242897865682719797902095047439941632.0000
4.0000 369330851891713751018198344586619967951077376.0000
5.0000 -520823777296179811545376625876115620680957952.0000
6.0000 713304470643936561458482014568261750957801472.0000
7.0000 -956001797397244501272854233151824568007000064.0000
8.0000 1258082434655596609594924169975595432446787584.0000
9.0000 -1628173621764510764201291736902037584524345344.0000
10.0000 2073734848305787022403805071773840245251899392.0000
11.0000 -2600307912172501758981645653880553353074704384.0000
12.0000 3210695537469366519863872714082859313224744960.0000
13.0000 -3904138606233191107447228349367383916231524352.0000
14.0000 4675578064186289027329492716568488989532618752.0000
15.0000 -5515096520787964591705440321460698986246569984.0000
16.0000 6407633598280480549390618247502059365659049984.0000
17.0000 -7333056217232214095137351930538650569956917248.0000
18.0000 8266639713442119472562609378415150118433980416.0000
19.0000 -9179979273012925145820435770979182522088292352.0000
20.0000 10042306899609417989371223971688626324240334848.0000
21.0000 -10822141945814283786992318967585060544827097088.0000
22.0000 11489159224494812779613645793023274243447586816.0000
23.0000 -12016124194437290180752286061137381468932145152.0000
24.0000 12380725252611472182936685553866800340167294976.0000
25.0000 -12567132581931626259535238884879778576863330304.0000
26.0000 12567132609456536996386458282362583200437370880.0000
27.0000 -12380725354245244967680957278218845127899611136.0000
28.0000 12016124438699999518610850131414877413996232704.0000
29.0000 -11489159769030577141838146710645957333501345792.0000
30.0000 10822143124500951925903742724710183521400913920.0000
31.0000 -10042309397036462428896516487411975363108012032.0000
32.0000 9179984461415664984096162294888562224932061184.0000
33.0000 -8266650287408341899352329448038554137350111232.0000
34.0000 7333077363158494123554599642417798565509201920.0000
35.0000 -6407675103264795657398769484889979351814111232.0000
36.0000 5515176495273700863164501348335381684770832384.0000
37.0000 -4675729374527766221751052573315029460345421824.0000
38.0000 3904419754892859268879486995784332137130360832.0000
39.0000 -3211208675536954101009444864213779180733595648.0000
40.0000 2601228023261603892376148434634421945512230912.0000
41.0000 -2075356015141414975079168350393213899312726016.0000
42.0000 1630980780156020018745748919352811242861363200.0000
43.0000 -1262860203244619831297488490586957702179586048.0000
44.0000 963995841091834863778546334987991835169783808.0000
45.0000 -726455280195679340926484074405431282539429888.0000
46.0000 542097407419846339421678375481518935578247168.0000
47.0000 -403175482603098715726246049973526956846612480.0000
48.0000 302810981975599216283984082202433620625326080.0000
49.0000 -235345056337233449544800377979945164975636480.0000
50.0000 196583129052021568345722348349347325301227520.0000
51.0000 -183951478466022538708604971669709047149363200.0000
52.0000 196583129052021489117559834085009731757277184.0000
53.0000 -235345056337233291088475349451269977887735808.0000
54.0000 302810981975599057827659053673758433537425408.0000
55.0000 -403175482603098240357270964387501395582910464.0000
56.0000 542097407419845547140053232838143000138743808.0000
57.0000 -726455280195677280994258703532653850396721152.0000
58.0000 963995841091828050156570108254958790390054912.0000
59.0000 -1262860203244599231975234781859183380752498688.0000
60.0000 1630980780155955368565137279653334910997889024.0000
61.0000 -2075356015141216587760232632491879665261084672.0000
62.0000 2601228023261004927467540596242214753247690752.0000
63.0000 -3211208675535193334325727853575100259981328384.0000
64.0000 3904419754887810216538777958078170768263348224.0000
65.0000 -4675729374513628748432007244914837477847465984.0000
66.0000 5515176495235055266965943546801353190851739648.0000
67.0000 -6407675103161616504443792980984556691115737088.0000
68.0000 7333077362889313589198536041927579626660429824.0000
69.0000 -8266650286721871069810736380246044450542845952.0000
70.0000 9179984459703662283668731184826416651569201152.0000
71.0000 -10042309392859628492529914075015026606883209216.0000
72.0000 10822143114528496771980289410663799009092567040.0000
73.0000 -11489159745722184143393674446973955759996403712.0000
74.0000 12016124385352574489087312924106871723320672256.0000
75.0000 -12380725234644439077107878414047292425802612736.0000
76.0000 12567132346734603854148472442546454387457261568.0000
77.0000 -12567132016323214121283992073169617383000637440.0000
78.0000 12380724058891677263991078825839805202692046848.0000
79.0000 -12016121724079282701573536857301191150217986048.0000
80.0000 11489154210466055844523229513044824962526871552.0000
81.0000 -10822131962463660278071370933042369219241443328.0000
82.0000 10042287395933961174259471000647062762943414272.0000
83.0000 -9179941880010074109990576606317311389046145024.0000
84.0000 8266569345268630829716335041483175371686805504.0000
85.0000 -7332926215870569397883205558033262200326455296.0000
86.0000 6407397781740605396418274858826588719910223872.0000
87.0000 -5514676452486880308733677225855962857378676736.0000
88.0000 4674843135939411243239901580890030696520744960.0000
89.0000 -3902875601367334101877465521349221219760603136.0000
90.0000 3208563222208667635116217538019322969116901376.0000
91.0000 -2596770945869762952712939449050022783156748288.0000
92.0000 2067970026947731312412979737848200567686430720.0000
93.0000 -1618940385898432642518425796042917114279886848.0000
94.0000 1243549003594415658864019963323485479321468928.0000
95.0000 -933518673878188769540580599126726134363848704.0000
96.0000 679118933074803137838160321198144777309126656.0000
97.0000 -469732933482997203809428715962412141123731456.0000
98.0000 294277428014394884789757197180881345280212992.0000
99.0000 -141475366432242745276525233588900153807339520.0000
100.0000 0.0000
