0.0000 1.0000
1.0000 0.9801
2.0000 0.9601
3.0000 0.9402
4.0000 0.9204
5.0000 0.9005
6.0000 0.8808
7.0000 0.8611
8.0000 0.8415
9.0000 0.8220
10.0000 0.8026
11.0000 0.7833
12.0000 0.7642
13.0000 0.7452
14.0000 0.7264
15.0000 0.7077
16.0000 0.6892
17.0000 0.6709
18.0000 0.6528
19.0000 0.6348
20.0000 0.6171
21.0000 0.5996
22.0000 0.5824
23.0000 0.5653
24.0000 0.5486
25.0000 0.5320
26.0000 0.5157
27.0000 0.4997
28.0000 0.4840
29.0000 0.4685
30.0000 0.4533
31.0000 0.4384
32.0000 0.4237
33.0000 0.4094
34.0000 0.3954
35.0000 0.3816
36.0000 0.3681
37.0000 0.3550
38.0000 0.3421
39.0000 0.3296
40.0000 0.3173
41.0000 0.3054
42.0000 0.2937
43.0000 0.2823
44.0000 0.2713
45.0000 0.2605
46.0000 0.2501
47.0000 0.2399
48.0000 0.2300
49.0000 0.2205
50.0000 0.2112
51.0000 0.2022
52.0000 0.1934
53.0000 0.1850
54.0000 0.1768
55.0000 0.1689
56.0000 0.1612
57.0000 0.1538
58.0000 0.1467
59.0000 0.1398
60.0000 0.1332
61.0000 0.1268
62.0000 0.1206
63.0000 0.1147
64.0000 0.1090
65.0000 0.1034
66.0000 0.0982
67.0000 0.0931
68.0000 0.0882
69.0000 0.0835
70.0000 0.0790
71.0000 0.0747
72.0000 0.0705
73.0000 0.0665
74.0000 0.0627
75.0000 0.0590
76.0000 0.0555
77.0000 0.0521
78.0000 0.0489
79.0000 0.0458
80.0000 0.0428
81.0000 0.0399
82.0000 0.0372
83.0000 0.0345
84.0000 0.0320
85.0000 0.0296
86.0000 0.0272
87.0000 0.0249
88.0000 0.0227
89.0000 0.0206
90.0000 0.0185
91.0000 0.0165
92.0000 0.0145
93.0000 0.0126
94.0000 0.0107
95.0000 0.0089
96.0000 0.0071
97.0000 0.0053
98.0000 0.0035
99.0000 0.0018
100.0000 0.0000
