0.0000 0.4917
1.0000 0.4917
2.0000 0.4917
3.0000 0.4918
4.0000 0.4920
5.0000 0.4922
6.0000 0.4924
7.0000 0.4927
8.0000 0.4931
9.0000 0.4935
10.0000 0.4939
11.0000 0.4944
12.0000 0.4949
13.0000 0.4955
14.0000 0.4961
15.0000 0.4967
16.0000 0.4974
17.0000 0.4981
18.0000 0.4988
19.0000 0.4995
20.0000 0.5003
21.0000 0.5011
22.0000 0.5019
23.0000 0.5027
24.0000 0.5035
25.0000 0.5043
26.0000 0.5052
27.0000 0.5060
28.0000 0.5068
29.0000 0.5076
30.0000 0.5084
31.0000 0.5092
32.0000 0.5100
33.0000 0.5107
34.0000 0.5115
35.0000 0.5122
36.0000 0.5129
37.0000 0.5135
38.0000 0.5141
39.0000 0.5147
40.0000 0.5152
41.0000 0.5157
42.0000 0.5162
43.0000 0.5166
44.0000 0.5170
45.0000 0.5173
46.0000 0.5176
47.0000 0.5178
48.0000 0.5180
49.0000 0.5181
50.0000 0.5182
51.0000 0.5182
52.0000 0.5182
53.0000 0.5181
54.0000 0.5180
55.0000 0.5178
56.0000 0.5176
57.0000 0.5173
58.0000 0.5170
59.0000 0.5166
60.0000 0.5162
61.0000 0.5157
62.0000 0.5152
63.0000 0.5147
64.0000 0.5141
65.0000 0.5135
66.0000 0.5129
67.0000 0.5122
68.0000 0.5115
69.0000 0.5107
70.0000 0.5100
71.0000 0.5092
72.0000 0.5084
73.0000 0.5076
74.0000 0.5068
75.0000 0.5060
76.0000 0.5052
77.0000 0.5043
78.0000 0.5035
79.0000 0.5027
80.0000 0.5019
81.0000 0.5011
82.0000 0.5003
83.0000 0.4995
84.0000 0.4988
85.0000 0.4981
86.0000 0.4974
87.0000 0.4967
88.0000 0.4961
89.0000 0.4955
90.0000 0.4949
91.0000 0.4944
92.0000 0.4939
93.0000 0.4935
94.0000 0.4931
95.0000 0.4927
96.0000 0.4924
97.0000 0.4922
98.0000 0.4920
99.0000 0.4918
100.0000 0.4917
