0.0000 0.0000
1.0000 0.0155
2.0000 0.0310
3.0000 0.0465
4.0000 0.0619
5.0000 0.0773
6.0000 0.0926
7.0000 0.1078
8.0000 0.1230
9.0000 0.1380
10.0000 0.1529
11.0000 0.1677
12.0000 0.1823
13.0000 0.1967
14.0000 0.2110
15.0000 0.2251
16.0000 0.2390
17.0000 0.2527
18.0000 0.2661
19.0000 0.2793
20.0000 0.2923
21.0000 0.3049
22.0000 0.3173
23.0000 0.3294
24.0000 0.3412
25.0000 0.3527
26.0000 0.3639
27.0000 0.3747
28.0000 0.3852
29.0000 0.3953
30.0000 0.4050
31.0000 0.4143
32.0000 0.4233
33.0000 0.4318
34.0000 0.4399
35.0000 0.4476
36.0000 0.4548
37.0000 0.4617
38.0000 0.4680
39.0000 0.4739
40.0000 0.4794
41.0000 0.4843
42.0000 0.4888
43.0000 0.4928
44.0000 0.4963
45.0000 0.4993
46.0000 0.5019
47.0000 0.5039
48.0000 0.5054
49.0000 0.5064
50.0000 0.5069
51.0000 0.5069
52.0000 0.5063
53.0000 0.5053
54.0000 0.5037
55.0000 0.5017
56.0000 0.4991
57.0000 0.4960
58.0000 0.4924
59.0000 0.4883
60.0000 0.4838
61.0000 0.4787
62.0000 0.4731
63.0000 0.4671
64.0000 0.4606
65.0000 0.4536
66.0000 0.4462
67.0000 0.4383
68.0000 0.4300
69.0000 0.4213
70.0000 0.4121
71.0000 0.4025
72.0000 0.3925
73.0000 0.3821
74.0000 0.3713
75.0000 0.3602
76.0000 0.3487
77.0000 0.3369
78.0000 0.3247
79.0000 0.3122
80.0000 0.2994
81.0000 0.2863
82.0000 0.2729
83.0000 0.2592
84.0000 0.2453
85.0000 0.2312
86.0000 0.2168
87.0000 0.2022
88.0000 0.1874
89.0000 0.1724
90.0000 0.1573
91.0000 0.1420
92.0000 0.1266
93.0000 0.1110
94.0000 0.0954
95.0000 0.0796
96.0000 0.0638
97.0000 0.0479
98.0000 0.0320
99.0000 0.0160
100.0000 0.0000
