0.0000 0.0000
1.0000 -118971401071.4475
2.0000 244355588659.2003
3.0000 -382499633900.4142
4.0000 539604967470.6270
5.0000 -721620674434.8159
6.0000 934100624935.2393
7.0000 -1182019599131.2434
8.0000 1469549166076.3918
9.0000 -1799800326036.3284
10.0000 2174546304795.9165
11.0000 -2593944787310.1343
12.0000 3056283635885.2510
13.0000 -3557777101641.8623
14.0000 4092440136893.4521
15.0000 -4652066245627.4141
16.0000 5226329210123.1934
17.0000 -5803021150665.2109
18.0000 6368429195641.1611
19.0000 -6907841368613.9219
20.0000 7406160211117.4180
21.0000 -7848591391494.9082
22.0000 8221365363413.2051
23.0000 -8512444164389.0879
24.0000 8712163534575.3301
25.0000 -8813763130142.3125
26.0000 8813764658087.3711
27.0000 -8712168718357.2363
28.0000 8512454997373.2754
29.0000 -8221385861218.5986
30.0000 7848628809389.7188
31.0000 -7406227133199.9795
32.0000 6907959126133.8438
33.0000 -6368633310695.7656
34.0000 5803369829444.7246
35.0000 -5226916352308.3184
36.0000 4653041020354.5908
37.0000 -4094035923940.3989
38.0000 3560353525252.4863
39.0000 -3060386527801.8018
40.0000 2600390181408.3276
41.0000 -2184535927900.3120
42.0000 1815077401438.1396
43.0000 -1492604522397.8994
44.0000 1216358847682.2788
45.0000 -984583236755.6083
46.0000 794880801149.9449
47.0000 -644561419812.5176
48.0000 530958175062.1238
49.0000 -451700291219.1506
50.0000 404933060658.1246
51.0000 -389478508733.4923
52.0000 404933060658.0928
53.0000 -451700291219.0497
54.0000 530958175061.8410
55.0000 -644561419811.7507
56.0000 794880801147.9150
57.0000 -984583236750.3573
58.0000 1216358847668.9849
59.0000 -1492604522364.9504
60.0000 1815077401358.1450
61.0000 -2184535927709.9902
62.0000 2600390180964.3828
63.0000 -3060386526786.1230
64.0000 3560353522972.4639
65.0000 -4094035918916.5518
66.0000 4653041009485.3799
67.0000 -5226916329210.7627
68.0000 5803369781219.4824
69.0000 -6368633211737.9502
70.0000 6907958926509.6660
71.0000 -7406226737216.3682
72.0000 7848628036798.1221
73.0000 -8221384378244.9873
74.0000 8512452196302.1650
75.0000 -8712163511045.2930
76.0000 8813755128185.7500
77.0000 -8813745957759.0234
78.0000 8712133061408.6035
79.0000 -8512390901745.3936
80.0000 8221273653746.4082
81.0000 -7848435809277.7930
82.0000 7405900124163.6855
83.0000 -6907412870879.5020
84.0000 6367733364668.8301
85.0000 -5801907280529.6738
86.0000 5224571336273.1562
87.0000 -4649330936385.8477
88.0000 4088243219055.0474
89.0000 -3551426775826.2603
90.0000 3046807403715.7188
91.0000 -2579997860097.0049
92.0000 2154299810443.1792
93.0000 -1770808800381.6985
94.0000 1428598618066.9668
95.0000 -1124959952826.1895
96.0000 855669579565.5500
97.0000 -615269907999.0760
98.0000 397343939274.8324
99.0000 -194776673616.4849
100.0000 0.0000
