0.0000 1.0000
1.0000 0.9822
2.0000 0.9643
3.0000 0.9465
4.0000 0.9287
5.0000 0.9110
6.0000 0.8933
7.0000 0.8756
8.0000 0.8580
9.0000 0.8405
10.0000 0.8230
11.0000 0.8057
12.0000 0.7884
13.0000 0.7713
14.0000 0.7542
15.0000 0.7373
16.0000 0.7205
17.0000 0.7038
18.0000 0.6873
19.0000 0.6709
20.0000 0.6547
21.0000 0.6386
22.0000 0.6227
23.0000 0.6070
24.0000 0.5914
25.0000 0.5761
26.0000 0.5609
27.0000 0.5459
28.0000 0.5311
29.0000 0.5166
30.0000 0.5022
31.0000 0.4880
32.0000 0.4741
33.0000 0.4604
34.0000 0.4469
35.0000 0.4336
36.0000 0.4206
37.0000 0.4078
38.0000 0.3952
39.0000 0.3829
40.0000 0.3708
41.0000 0.3589
42.0000 0.3473
43.0000 0.3359
44.0000 0.3247
45.0000 0.3138
46.0000 0.3031
47.0000 0.2927
48.0000 0.2825
49.0000 0.2725
50.0000 0.2628
51.0000 0.2533
52.0000 0.2440
53.0000 0.2350
54.0000 0.2262
55.0000 0.2176
56.0000 0.2092
57.0000 0.2011
58.0000 0.1932
59.0000 0.1855
60.0000 0.1780
61.0000 0.1707
62.0000 0.1636
63.0000 0.1567
64.0000 0.1501
65.0000 0.1436
66.0000 0.1373
67.0000 0.1312
68.0000 0.1252
69.0000 0.1195
70.0000 0.1139
71.0000 0.1085
72.0000 0.1032
73.0000 0.0981
74.0000 0.0932
75.0000 0.0884
76.0000 0.0837
77.0000 0.0792
78.0000 0.0748
79.0000 0.0705
80.0000 0.0664
81.0000 0.0623
82.0000 0.0584
83.0000 0.0546
84.0000 0.0509
85.0000 0.0472
86.0000 0.0437
87.0000 0.0402
88.0000 0.0368
89.0000 0.0335
90.0000 0.0303
91.0000 0.0271
92.0000 0.0239
93.0000 0.0208
94.0000 0.0178
95.0000 0.0148
96.0000 0.0118
97.0000 0.0088
98.0000 0.0059
99.0000 0.0029
100.0000 0.0000
