0.0000 1.0000
1.0000 -46670197519475554066387384991713720489982703673589140261792248858870499938584005515810466614612934050657302385420484316287664325726020491157240190503196807173601492992.0000
2.0000 92957019627089468693036849989828710319088289545185321124925351145612695371719902276138070814408799200303659646589146571909375636708242407643406221714449542089914974208.0000
3.0000 -138482329248029360645055363041335735747824504889536814161316415053518007282750207163224477090939593124758985943482697396384453977607462001788947697391448972332919422976.0000
4.0000 182878365975090025832014236699680036284355786448566303291567728412428021743461617172869762460231045796877987220128242208674747542918648860607286292921292374941825499136.0000
5.0000 -225792686836138680144274017319294769220502361026250063601558623292150286535907835047690696982513808958588919674589889412102300022580724378995625159212374789471239929856.0000
6.0000 266892816768460554389766210140155157712712719308512749820326014944823954479111794508143093332302073861844537605790410264589463794743448440982446391602323797528249630720.0000
7.0000 -305870523129376719701861473734715417266452397075932138926403671056560315730064058927723564637548183695942898065552139471884390478601099442781765801074682041535230377984.0000
8.0000 342445637655390753577897413151121864042036545961522438559515905543333213710312495955519031848472314800179245667727277274564262276111979378593991050459534975307740086272.0000
9.0000 -376369360120770209805760090319644000102914295928229979488849453444395704534247307787107365692267640565717139671839876266590013467009071838694742339804189068993272741888.0000
10.0000 407426990224317431416683481756474306366494793351849510974002862302978522276788327323999701466399756335153735866563722294679065559686477094778090529415836711003281686528.0000
11.0000 -435440047595492866725995042349485541680209587912512086582125638969285691497546621686266229388506392210671133532035099374746694317459095284981043842176569040812403326976.0000
12.0000 460267753877438577323740996708708192418205796906913689836921174822705366467271005403635262207315536662906415695209043578993270877459500215995650511541244613675951587328.0000
13.0000 -481807865221020125939071582482215216527796034250656556507662709033127087285299369636902916838222082439501634614630183910599375096424483560181673470509391207298748121088.0000
14.0000 499996857816792967619487005947363334670632376692326915944692741094813331921568769443708780427165601535238408214708530530663270054728530436117183435127321692679165706240.0000
15.0000 -514809482919271471570346900948412580487049855580884231847175174178362369731022118088737473573467550891260434879521339564616614649731049820128285916835933991788141871104.0000
16.0000 526257720822985214736806331470661787838164471231917509670679781031398967054305766354323715787631339405206805834184511608687075164311014077073141782723733633186937176064.0000
17.0000 -534389175110593223861813232964875889879693648390235581779525488234152439969112336961128293843328243172386727730543977986337680310240996009997592960634727296380973350912.0000
18.0000 539284958932261460517118061009822738582402815930910445055068214226623044669371889918203274941834480661948613811314475799679078622201497921148136529148736536538301595648.0000
19.0000 -541057133866782979748285721501148915920302465457921776463147151305640693755758817906952462838040499063754194070335934744740108244390637104514371026288422412253795450880.0000
20.0000 539845768889695816644661534952140108765177907522327034100799791377654012509947939962953356075273562692408692885273611681233167348623245593363512236697272862179156033536.0000
21.0000 -535815692023344700862502241132116285288790598398173034274779907291007163615674556619907534461527919690913835253584582869071543073874508786509727564952616702727767982080.0000
22.0000 529153010320814004635887058194379162056096398380327646222347094513653000741887370028617324333168359242754902464157072474864367038240240212869577346182192488355444293632.0000
23.0000 -520061474952233187372291621555857498462358099125043808903907712961214909333687551316129164042493115334332125254204136612060669588450721122384995872163236300153526681600.0000
24.0000 508758767386964589867130601539567749233234342616569510818115842957821256167463693865887965525928535864152434025367845727447831483651778534040515248324267965465638207488.0000
25.0000 -495472780119114867213088104572107277373408200821178424701742518558302584513104987896071541221667442040514360459237468765811624654007697851877085143707021476105080012800.0000
26.0000 480437961232100697978740557121294478052337084473188224635099052674182835545506709234882391021340997718838810404350496682064037381146060424395729450242952119615829835776.0000
27.0000 -463891786543495698825924164967096701938664114418295719494798455356603506278962741227641182462752385682433583598277776732770166982211095453560954789691764285982805852160.0000
28.0000 446071416345567651310253021432928788386149002260998018689956934599492301108618069743834633356416972290067974223548574339856385144400864924134823050619777234752719814656.0000
29.0000 -427210586110991795791059553445341416577968283286267530767648867082880881777177199073996710695422093986087695667215444244966848019208220175710342170047484445940567244800.0000
30.0000 407536772228898831725383162697642729089365410154631877603402691815412791796348389405377408986848090087691799719222667584701652175666786669563227877023918601674202021888.0000
31.0000 -387268665136929571349493221775852365152510901828528463059726662221690075487511571075575063674849704090698237401705484641625851965681599872584476967752690225776244555776.0000
32.0000 366613973376752065062670814940888531717649821580394673275185587686214763801478222733455191733828799109769234530265383626051710041263585369718673526684429794105133891584.0000
33.0000 -345767573365560551758313226156899983032553629904895817880559520262917432348976116794652768108458578442312634332616364462889912467458342747606493236915848220059822456832.0000
34.0000 324910011265422197970096865141410598083070048024375236629018577306405238066277170503213557074329614025236767482785870195800302638319615794756820088705669810071900520448.0000
35.0000 -304206355440713381731366349675880863664571323809869122202148835671929143387128177360099222735839550099143521600953045793382058112787195796449160022087524281694774362112.0000
36.0000 283805390785579116160441271843617001400022282530009490571963081014607241983340607538525720894459416994944232394365879077138139902160443293831398599142649955195843248128.0000
37.0000 -263839139809666827564788676318242374982399768627416582688607907962640329199769279970935405051539363478623716393945529090887258086776318309982936565425378682700600180736.0000
38.0000 244422689888129286617205914307518022901528811420242989347193388608350688255680496308691973544444577378006076264761630377329266926777990956872723630021987152235832803328.0000
39.0000 -225654301573417165943352072202788937728805744525611655856916016255648500701088679064565050218831578567644912587776678120216369677179746733000886176198685350933682978816.0000
40.0000 207615769360587950669408550249344978331016456807699434433070061736236835621655243329072401604860128693531419799302550467072853205926960444904575108591543645620634910720.0000
41.0000 -190373003792379146186826199830898924236425582410833087183812448797442041673298639532786819083763666647864444217198007778754980133199448409672765192558255679707251998720.0000
42.0000 173976802254437996954521639188851412758149963017758357482825515681884954404879153644082767916767808848312273435150994744820258863977033726801591158468465005588606091264.0000
43.0000 -158463775189532730695273458130527096219107692112036442735134776047576498955668470181044444377058371350427864844925111844169974252873438270743510059607273296277536768000.0000
44.0000 143857394676420109793253005337239004233367273843475967053325976067644232442476936426851347435397775210601748843598463705760450677777127497307769398905393564268860801024.0000
45.0000 -130169133282336569429055733639930916393549770502852570744322327084416614699389597695532477389558491037138805003255280288058814299090873906299033526616020409274716913664.0000
46.0000 117399662704223858440368636875673495202747484449139582654399609611961497423622602289981946059303004746488133749931392135263935272817265486513743363322399831468204359680.0000
47.0000 -105540083852013672850237196380402379395584732215363410966816663181021345641562713469255948155655768842718189169805908474754586308113635516595771465676362783786428006400.0000
48.0000 94573162583816324548644056721408801039570795375750410654027369835978271193572913795907138349708256930130652982633381897731206363792534462704401299816387213827686531072.0000
49.0000 -84474548164756700767538086078968972164263827846085510779773258756452573877910722751138891864439310681517490707693361731171696592532567535047875518093397963861764603904.0000
50.0000 75213954579786615390224967730320095961267715669850381464710225393129523278215618143072686849125211046146576460793897604945272981771179921402411318436760153584383819776.0000
51.0000 -66756287984468004437626149779519657254545762976885009679080556223653097686463753409921322813263709666537418349094784503970986774044520301410225818936470151169052770304.0000
52.0000 59062706734241532605342181045594389489876666587330602503857857270355232122343019933810238949694419104823190885046744469217965051981052311164504435367621167944768159744.0000
53.0000 -52091603510926689306734242411966704415194094703780589656372105198827612874452600210480957942816063792201773117067246953581773052093106610190354501056542645862229082112.0000
54.0000 45799501996225154876339705926095553103042693741124286531228870048140134908279891518681402643463502003488634757801970407324624685852487121505062396750993497156113924096.0000
55.0000 -40141863269706936662681649444304126380125127747942221873600633598244704798290517522502667188665956428215683098638331701550036884328810469397423893203859975239878311936.0000
56.0000 35073799589935728395241637704214278855455400319286329002203958866904615039432362663149488878000865419157085195039057675989666907703458505273305623673577346613764947968.0000
57.0000 -30550695421377826431514334105156879959041065591721558594892484960370466353205955999477285690861981492028765079515126108380860508101354020379194768749715978963438796800.0000
58.0000 26528737477710002480731957703820743812614375285860162469253899360749104382287319294952627846253174956516763742245163507043758527179608894013225112907399335471042527232.0000
59.0000 -22965357156092121857341761513756886842505562131825595784499943752937775225924047089027234778993673361162194607602363918852523319909745635683246415748361540316424044544.0000
60.0000 19819590038484133890425840029743790834183074712863411411044220449344234630637347222690109537566391461447327285981786523553045743752858148706746308113733463055422980096.0000
61.0000 -17052358144957693192626392708857920619192950073269185617034955813884926848678892383930728255931123550259489181215308688315633196200486805188102322517982215508949204992.0000
62.0000 14626681356728585809594489515275099736557299113795259471553725052459202423384161069112676230339747077166718863020262677891805904902252031497684876049413695411075416064.0000
63.0000 -12507824905146353817879029445552931390526427892377914459784474343135462322186296351138479905438780313598454233139514371482960906978403005182568113031320405299255312384.0000
64.0000 10663390072803693421184589616375956696126191299839822899720677905923788456188152683580601550050398215846536538067776131342856022210101509923071644026729612455308165120.0000
65.0000 -9063355302452650551593182889490274455884441504165686787950596210277286982829320013813632232372176705717714940074199570522109973367396593203700866972307754330626195456.0000
66.0000 7680074787996301930629670706975877499041504002977769326588885565676490701629396847162232041766048074237558957891472260447553173783395315638359783719990037752831803392.0000
67.0000 -6488241359109724682243891097429700547131940541202049520340154287585881395809820060960109161650774601553613704516916842714340538464868335166962195131256351623795965952.0000
68.0000 5464820095947578104589422087342347651100212683061007541449259168406896960149927192594689082192216955473359917115810616048831756612614943865885145612693134369963900928.0000
69.0000 -4588958650341085606615846042697028015823817547366950684642931708210878156525180311437184648077515908335317927812884822121103902044441532137289558094421494601539911680.0000
70.0000 3841879730223760605025609077443596043163470647083237382741859842737460028440025862821174833871367362749063816369702775013134658135189509209597410867638217247102599168.0000
71.0000 -3206760647598396427297298702057030238413629920950870240891216464052091731409145549951920111273555710972110495935126294902949419046838452952856105266200574447302213632.0000
72.0000 2668604257238206853129119350128239208243569314469228211573462913766298529870178172276968781502260877004741885621237841035798420800450296965204684021273682959486943232.0000
73.0000 -2214105040656786835049690069635228277803518706607677005432811415193597085564306187404688979020711746193760094738193372837152783239901910017534439495595898210166505472.0000
74.0000 1831513531902638118625806761439255081345422194237323977583954497335124902640022928874629751725957024201316316268798306290691828506425740302850368258614927493106237440.0000
75.0000 -1510501749792951825738483892883060987884568175573165285494543794601442697426519655990861320850064780555271312644597202465508897178070048938184936234761453674904420352.0000
76.0000 1242031803953719369337729026941191975643285254056922975206221017039389659590852191446780990395392460073354006296219065973822051380683146011989438018003799533695270912.0000
77.0000 -1018229385648775732460964880294046396992265390428907047796478099326811896795743818482414611647823093005351878921285293588183612110847126229766453755781331936201408512.0000
78.0000 832263442800562266499866645724130660877977990377887169438373401681825952095542535379085692883814647395193951037607554063781673224946368269076624341011687429803868160.0000
79.0000 -678232973827803064044902983464269286201974748639870444676624589938493433655959459923869930935894305485208995083368372908606832162840868173976023963491951303878246400.0000
80.0000 551061557298265582848388583260898223949628084658396571771560373756432987770286205342215446605058464915959851548587513164954122359795480858849300118000696426588274688.0000
81.0000 -446399962910769585877605911841923287222675040337808349367709276567348176503036706932242528516747127277768450305979857466191967546559154751398771549089445610837245952.0000
82.0000 360536961898801747079980842291110213869492389707732688360323406839376853386952788033391951098872041013090085608209254241397238183415883631775910628175667637084225536.0000
83.0000 -290318268697469195014953501725049092411094310673273481701475269181893654682069559729838974059142768494946716076858602480254230850197177206037000965502395066959790080.0000
84.0000 233073397174040813484561814738096730301630853375324063871683510327918473818812985951728212463071593671190546744595541056114923047151135778993958925819139120850534400.0000
85.0000 -186550100067516562805404483021116107011648344730587826810379420673439182311646744202818318786388584770879993133399344869271767502269954421303284380853362933018656768.0000
86.0000 148855975512654468158708101434949792205939899217411495982551723803330135339564667451163672244091370567137770465786509386851240146991587398317629515872411359914229760.0000
87.0000 -118406765607833727080387953156340669129506477146761814966347926891079502805888213977280031612188541554727189273582888193093007500555676591847094760823207847681589248.0000
88.0000 93880834985182280222985339920890186220213564729568898191510890869268270183493901482377414234152479603884677284381236634135014157340505077707032724590548146689409024.0000
89.0000 -74179298501842458377470341840665079154782865264484723504513900737871499699113611612474612691940947734511732839941833450620843208702995544122925676276583894156836864.0000
90.0000 58391262992249572022637789291874701722944206702232413262485575763356389130519299117573101835998503684628739704557052125958521836704829258804770641235424687626911744.0000
91.0000 -45763655300097708087023841860799306828146980219313564398781190539285801599572319586655336867430556196860705450682940872319550693160026250355832945922900804059004928.0000
92.0000 35675124666453655108871311778160351281271795832597765818586502304233077652078395706266533860985791231431000025773700733302177272779763760801866284607292050262458368.0000
93.0000 -27613529442065613581535294716899227307592041938954225173193537137412849756485176169226406236922747996897126545655957323906481003624374384934633824266716072520974336.0000
94.0000 21156543802470678407098086445720095018555646996085253303262569199296423143858369118554193795573320955490594420956991224574634043344277090118773560719213643696177152.0000
95.0000 -15954947776373954704872114137200142527158305169233753430177719785924391800331987893842618887616270848236032779950872609999039489377486900013790585162100076632342528.0000
96.0000 11718191850141613147977676288606366917810981601761844118908537676377703839994613416328847525530582306232306570974833202756179281735654718360085805910042878366711808.0000
97.0000 -8201854355254235681719359317622867118978174371637596467514208241238564660967613178275384302999880768611573371743398041882894239313285603329101272166911636183973888.0000
98.0000 5196634697053277393087766618287143666565728338382955679310351601374936130023359855523324246834191191467454612658498793803326316361950156871331632890961640613216256.0000
99.0000 -2518547374959384514170342923294491822521433176732724891753434445462197149858352891020378822328681131255992845332168682027836010244018537871361422994467521816428544.0000
100.0000 0.0000
