0.0000 -964697202510131994147039988809873595045965833942298236567608000875808607303873013456487800070524415580352352567052868158961934331531589611469515908826751022046721205234139967549380548385700135479933927424.0000
1.0000 -964697202510108185023943876890245065982715872094869136772846663481151348944480899929461656154719590412788409985590400268491442246459259052127860781876747933512612547439151225755883368047978450559069847552.0000
2.0000 2890829235076569492753942614651200531837614481875230157414649925422398964765034834824002981065304045258621281257552150997818999657534968437547848496797416328654015272952078765191348884044165806169964675072.0000
3.0000 -4807177970054061863912366295499725032598950756575415779071804735059323593764748796440969886537417186305439709085751852544046904435794662525140151842738606102307230020244237502180068537346903548223199117312.0000
4.0000 6707234457063921734589087609717951060987797003764731139772187340285971597600364612060661673533710705607046106580187895416956836670248889557028300328993418413583582673339622786425888980610614254105618546688.0000
5.0000 -8584511401715566452363661702744214487103955821853180734611710310185330093575769308912209669127711189800354645401349134000629374447393889740127326359135402281285182769185875080993039920990331520627893075968.0000
6.0000 10432555324341856281480066471709265710967107180136729995992324744001081654848519573025560031101323901538497195245518932891714786029253009286751071753475028824866402270257400496661130156862070743694449836032.0000
7.0000 -12244962050423678857085015256717900989792808385801580181012528941318865590645937515509868859306339250371556271405937952886764465980218413061251103556426287981120972429817990734275521478076900716950111387648.0000
8.0000 14015396255493575623883033890837542864532700757303480171705445283633244893660812753450284172830767876796912871029862276887010202956845008174520757678008768032529502696774815975850037206254330092719907536896.0000
9.0000 -15737615625908863896626888419104445749958114948183882653790416053584024752053890107225356232853439593197993338658245582090997037436044617966631140801883402278967297233723340509289670488362133838458322419712.0000
10.0000 17405500010782986516551668499751382302513342416947460192440010052014054542218601060546088726489650072679509739665285816977045072174721377475693661831529714449884048771519996124195488852660522876726992175104.0000
11.0000 -19013085735663453926960076000232446767154643186287548421503235994841335339302238422491942636732965123456807665434323200387096886875510304710316526084992805787450971364547058457322053916172751675474556485632.0000
12.0000 20554605031947553453389179304400104006373230660924374526637691385388656750037609129037896784440854333668520416148508859916577832911143557055838398092811907622657358309603599881480735571212137350654637113344.0000
13.0000 -22024530314610213566917738313639747110706180855408726011970448038899577015694161316650807603060322158963443041061270014731536410392819134168334584566835205995270977651096242043421351099601310039674206552064.0000
14.0000 23417622821799665414017195196177553323873638663318201979306057977168790815458137654657948049728160910693111648636447335047793335896065809592393007820426094247089446842534974464483966859814744784130539520000.0000
15.0000 -24728984920356865149232691256343357058682999897054339717130766760738791819287254637956525896354421432225701435517923200020837756375832390128016643089698354119800287877467744863496410902836659692819844169728.0000
16.0000 25954115188128799240491412722278591995220210307710107659666007207841546470032506795387399482001473267855729455241704958805558328013415795230371508256820737485942013464634907632641304972082535167626796072960.0000
17.0000 -27088965213320003822936586667850802190804242448916173794684927124090540999002102838214888501079734975096096411503131307037619335640710001127814328376173761548574686969697167074632993905151765630772221837312.0000
18.0000 28129996908568364585999475915748172904666467967969457528926675030351717921513659542952442535796839246290025886680494487880836814576617212675435815959674515475426742052405199598363706927846250839083237507072.0000
19.0000 -29074239027532985195521373305456308318404794533199665086812428456996725797385729861435310999194694098020497590892488798589105624652525623097022153692545578346873309133831963719284993551682067081458958204928.0000
20.0000 29919341498092017968902792663288092893864168991157779498906090667580269000370446290764654479327491908601590827223777519544714679514817433704974645814522242818002696747169658344621690200449521894793800581120.0000
21.0000 -30663626151168827300904996917534928271268032930957954992890183079759084087375996200730048015724247580073477591138335572705967776559563965783555447405811876981024090949748453978127047217126072888995556098048.0000
22.0000 31306132428937056281495752985317410074864657767147647329102072712625626929082858760035591937800263998401116715338795309795879224416175813982231161748156512617724890868032394717010215984231718969449583214592.0000
23.0000 -31846656700681388320081394078988273199740164149482400234214387988224899656000897328781404540340265553449747410645117606788836832608034199339879562625855541446913619325285808681345170602124777971304552726528.0000
24.0000 32285783897705293160667015392228768989713195809688299864232329221313632496737915182957782179139344287014492389212318569078425529738398977924752770757109871792454048151066164420362790039159560455703651942400.0000
25.0000 -32624910298044599369127193418740321637462681907406861471210279927814326817862185171415053692099024529642870088143314952139316993568545941077627017905243272055158051454066809700139061471592276548674914353152.0000
26.0000 32866256444010748321741359486506090105101951721008500978661709818563995732695317189592443759791756466732492112911154190784723495434310571263830714392147135100865319061692362677424094037873942935950925496320.0000
27.0000 -33012869356503049479622801243929553709073156757060748494386396114542588169480462548079582079252428469342385414662115202308633304241130617699576988494472135094875850853309136840276332965455578731485945921536.0000
28.0000 33068613414616080265045233424455918606858246931540969810616141464330774180517386076821177522928705663619642006501398336118552785525155867703606112184174406276891061555808183161325758545651872118883083091968.0000
29.0000 -33038149491794899888651323514845826082976977209928329785901114822946622629590635745959869911417436469263775933229279735017663671408430734083697452143813171296388932829979720730248465717833620906100857503744.0000
30.0000 32926902174761366076378316934861315146983112335277144070531083649557887171248457373620615243424225826906455442877085857736185871173582186967099783727503011181767145765796748473024057974029059763860775370752.0000
31.0000 -32741015132581791487249646102474640160051972637672687873606795917264660576701878100671657340367335877492301438675532285721403984601814681744530527509644880865122879950829305044696199861912602125767544930304.0000
32.0000 32487294944523751051225076743244905173462487272089003168478535251388874225606184739955617230563930212261304989412868524699310270325381658297274788756687889475037186950621991098090440594931504101337627361280.0000
33.0000 -32173143930909502635226441162529607271451592565456810144726738503732391261995626321529380258574895339859984647487508661247399790958066597540349588496979930415143502370803770772649695660939171891814527401984.0000
34.0000 31806482755530516149667600160698771777749330691719061063201931363777841400703815819528060920206468124254106639442384518885580541383589630867492650955381259379779764267311606879894433472910062919566900592640.0000
35.0000 -31395663776360975893026931204546913609066074581849792733079488899596039236300460496576303256154840321724887427677800635523460872120813912946326921528148735923845029193374041699268840767852396285632953974784.0000
36.0000 30949376308935082867775449128327315077330949068624527167231710976110607429522396879784342080967727055090448335747924172575307653421081101483390458977843961987411454126797306929710013873319248116392497512448.0000
37.0000 -30476545130175200226377623807966873336479369941457165684877114499049775163305307731995557334092536140688011172534997624233862204929657629049005315574471582488282453972962506102536774506055489088168096956416.0000
38.0000 29986223686777038785720073539366126950921694630576214612944253023955965487380280387061955243162316957107673088232489818142048535336277666080305515700117534622496793477342021744279385055089837205313460109312.0000
39.0000 -29487483579361275025819201382440174012718100874485286692291108221690570990745598625907791138968745077373336858220861796673367402865841451937392152142912513283736809543613423832230576045959483633585988042752.0000
40.0000 28989301970154951459189146534239543740823142835844781577520511673610427972899339194611688712283874612403073472532770049192546457411976414650913262009428593297924038908793807678819643030948629695080666497024.0000
41.0000 -28500448607390086864089069178733299203415276580478846645384344471088817379736694165492317421802222573022044964128406454838484282850493842582571224906130441118209474460184910553665790908193958227851526275072.0000
42.0000 28029374174015539074127581842107216344966201240536243692832768907316402540840404377274618762565407145267435293271355956721459820832614177796231688186296789260247149842999304158297341659710849481917199286272.0000
43.0000 -27584101652457216927753908572200398775365225685555930314009577294012563487044786257539570734084627958020778614208048687276315352221737813250693693655001934011863927886187323844386640694861466395082189963264.0000
44.0000 27172122352315236841264816652420327888721149330531669065581951317893029184948295596604596431164426962519931680470733875220435871603700431555297221257324822846258004093011000244403371018838702849931146690560.0000
45.0000 -26800298175796613602520386226156764609349536599809562363667921479031496816639133438654686079477815391477581989468982409918473644169645425181080390983056708777185010401764588058498282135986812543678751440896.0000
46.0000 26474771598446810334295996753707103493740259038329036149971277832054118748548548832095217587071617528760267542611896074008050013033929931010098897886478380783536940736264383675676021568010723795885650608128.0000
47.0000 -26200884722732294955866688844535380092281448231062316346852520590130661606236877855030101489143648324730099645421533153273685703243252691937718792292345728086727371014634381729744183749070230525262675574784.0000
48.0000 25983108621796149425712438616211469230576080727059189538747551616599617346254312696071188022774078306696285139544040821323899919784365761936105531781410608377425850929976177155478939921051944442839624056832.0000
49.0000 -25824984032930884338430028761129763011697975969357919819848662862268402361524213795321318501650847322272267714988705594668899267755180661378594463640542792516549457715961188106221651423385008461958344605696.0000
50.0000 25729074287717211621554826290818158753520689787322182143613430282280123726732183747100462792226287757324311120056041958814812964056620955457018410650674605932781315364030083920429127529272682971910251741184.0000
51.0000 -25696931181107450935739637203225139662787818904303053019146295989138613511911365192257460531791108331716734761212467345507230933675841363733810271883523259709020054514330478651772039349474089106345012756480.0000
52.0000 25729074287717216077063241937493176957789835979012929109656894392201930932974877008111368269450298017004790922176549555145193407019909344801456615118875776101395885405254877135267676709218923287217080107008.0000
53.0000 -25824984032930884338430028761129763011697975969357919819848662862268402361524213795321318501650847322272267714988705594668899267755180661378594463640542792516549457715961188106221651423385008461958344605696.0000
54.0000 25983108621796144970204022969536451026306934535368442572704087506677810140011619435060282545550068047015805337423533224993519476821077372591667327313209438208811280888751383940640390741105704127532795691008.0000
55.0000 -26200884722732294955866688844535380092281448231062316346852520590130661606236877855030101489143648324730099645421533153273685703243252691937718792292345728086727371014634381729744183749070230525262675574784.0000
56.0000 26474771598446819245312828047057139902278551421710530082058206051897733161033935354117028541519638048121227146852911266668810898960506709698975306822880721120766080818713970105353119927903204426499307339776.0000
57.0000 -26800298175796613602520386226156764609349536599809562363667921479031496816639133438654686079477815391477581989468982409918473644169645425181080390983056708777185010401764588058498282135986812543678751440896.0000
58.0000 27172122352315241296773232299095346092990295522222416031625415427814836391190988857615501908388437222200411482591241471550816314566988820899735425725525993014872574134235793459241920198784943165237975056384.0000
59.0000 -27584101652457216927753908572200398775365225685555930314009577294012563487044786257539570734084627958020778614208048687276315352221737813250693693655001934011863927886187323844386640694861466395082189963264.0000
60.0000 28029374174015539074127581842107216344966201240536243692832768907316402540840404377274618762565407145267435293271355956721459820832614177796231688186296789260247149842999304158297341659710849481917199286272.0000
61.0000 -28500448607390086864089069178733299203415276580478846645384344471088817379736694165492317421802222573022044964128406454838484282850493842582571224906130441118209474460184910553665790908193958227851526275072.0000
62.0000 28989301970154942548172315240889507332284850452463287645433583453766813560413952672589877757835854093042113868291754856531785571485399635962036853073026252960694898826344221249142544671056149064467009765376.0000
63.0000 -29487483579361261659293954442415119399910662299413045794160715891925149372017518842875074707296714298331897451859339007682226073975976283904077538738309002777893099419939044187714928506120762687665502945280.0000
64.0000 29986223686777025419194826599341072338114256055503973714813860694190543868652200604029238811490286178066233681870967029150907206446412498046990902295514024116653083353667642099763737515251116259392975011840.0000
65.0000 -30476545130175182404343961221266800519402785174694177820703258059362546338334534687951935425196495101966091964052967238912340433076504071671252497701666901813824173808063333243182577786270527826940783493120.0000
66.0000 30949376308935065045741786541627242260254364301861539303057854536423378604551623835740720172071686016368529127265893787253785881567927544105637641105039281312953173961898134070355817153534286855165184049152.0000
67.0000 -31395663776360953615484852971171822587720343623396057902862168349987003205086994191521775870034789023322488417075262653871558657304371966224135899187142885080772178987250075625076094868121194709098812145664.0000
68.0000 31806482755530502783142353220673717164941892116646820165071539034012419781975736036495344488534437345212667233080861729894439212493724462834178037550777748873936054143637227235378785933071341973646415495168.0000
69.0000 -32173143930909493724209609869179570862913300182075316212639810283888776849510239799507569304126874820499025043246493468586638905031489818851473179560577590077914362288354184342972597301046691261200870670336.0000
70.0000 32487294944523724318174582863194795947847610121944521372217750591858030988150025173890184367219868654178426176689822946717027612545651322230645561947480868463349766703273231809059145515254062209496657166336.0000
71.0000 -32741015132581778120724399162449585547244534062600446975476403587499238957973798317638940908695305098450862032314009496730262655711949513711215914105041370359279169827154925400180552322073881179847059832832.0000
72.0000 32926902174761361620869901288186296942713966143586397104487619539636079965005764112609709766200215567225975640756578261405805428210293797622661579259301841013152575724571955258185508794082819448553947004928.0000
73.0000 -33038149491794886522126076574820771470169538634856088887770722493181201010862555962927153479745405690222336526867756946026522342518565566050382838739209660790545222706305341085732818177994899960180372406272.0000
74.0000 33068613414616075809536817777780900402589100739850222844572677354408966974274692815810272045704695403939162204380890739788172342561867478359167907715973236108276491514583389946487209365705631803576254726144.0000
75.0000 -33012869356503040568605969950579517300534864373679254562299467894698973756995076026057771124804407949981425810421100009647872418314553839010700579558069794757646710770859550410599234605563098100872289189888.0000
76.0000 32866256444010748321741359486506090105101951721008500978661709818563995732695317189592443759791756466732492112911154190784723495434310571263830714392147135100865319061692362677424094037873942935950925496320.0000
77.0000 -32624910298044594913618777772065303433193535715716114505166815817892519611619491910404148214875014269962390286022807355808936550605257551733188813437042101886543481412842016485300512291646036233368085987328.0000
78.0000 32285783897705279794141768452203714376905757234616058966101936891548210878009835399925065747467313507973052982850795780087284200848533809891438157352506361286610338027391784775847142499320839509783166844928.0000
79.0000 -31846656700681379409064562785638236791201871766100906302127459768381285243515510806759593585892245034088787806404102414128075946681457420651003153689453201109684479242836222251668072242232297340690895994880.0000
80.0000 31306132428937056281495752985317410074864657767147647329102072712625626929082858760035591937800263998401116715338795309795879224416175813982231161748156512617724890868032394717010215984231718969449583214592.0000
81.0000 -30663626151168836211921828210884964679806325314339448924977111299602698499861382722751858970172268099434437195379350765366728662486140744472431856342214217318253231032198040407804145577018553519609212829696.0000
82.0000 29919341498092022424411208309963111098133315182848526464949554777502076206613139551775559956551502168282070629344285115875095122478105823049412850282723412986617266788394451559460239380395762210100628946944.0000
83.0000 -29074239027533003017555035892156381135481379299962652950986284896683954622356502905478932908090735136742416799374519183910627396505679180474774971565350259021331589298731136578639190271467028342686271668224.0000
84.0000 28129996908568369041507891562423191108935614159660204494970139140273525127756352803963348013020849505970505688801002084211217257539905602019874020427875685644041312093629992813202256107792491154390065872896.0000
85.0000 -27088965213320008278445002314525820395073388640606920760728391234012348205244796099225793978303745234776576213623638903367999778603998390472252532844374931717189257010921960289471543085098005946079050203136.0000
86.0000 25954115188128808151508244015628628403758502691091601591752935427685160882517893317409210436449493787216689059482720151466319213939992573919247917193223077823171153547084494062318403331975015798240452804608.0000
87.0000 -24728984920356878515757938196368411671490438472126580615261159090504213438015334420989242328026452211267140841879445989011979085265697558161331256494301864625643998001142124508012058442675380638740329267200.0000
88.0000 23417622821799678780542442136202607936681077238390442877436450306934212434186217437690664481400191689734551054997970124038934664785930977625707621225029604752933156966209354108999614399653465730051024617472.0000
89.0000 -22024530314610235844459816547014838132051911813862460842187768588508613046907627621705334989180373457365842051663807996383438625209261080890525606907841056838343827857220208117614096999332511616208348381184.0000
90.0000 20554605031947571275422841891100176823449815427687362390811547825075885575008382173081518693336895372390439624630539245238099604764297114433591215965616588297115638474502772740834932290997098611881950576640.0000
91.0000 -19013085735663485115518985526957574197038666528122777183807484764293985783001091249568280977301036941220166280277876374699759987618529030121383957362400996967752961653120610961191898175796433882622355046400.0000
92.0000 17405500010783013249602162379801491528128219567091941988700794711544897779674760626611521589833711630762388552388331394959327729954451713542322888640736735461571469018868755413226783932337964768567962370048.0000
93.0000 -15737615625908892857431590122492064077707565194173737933072932768075771592631396303796241834809506281121112052441544958238469916697419148705479469845191008374962002501684496405740240158012695887952706797568.0000
94.0000 14015396255493606812441943417562670294416724099138708934009694053085895337359665580526622513398839694560271485873415451199673303699863733585588188955416959212831492985348368479719881465878012299867706097664.0000
95.0000 -12244962050423707817889716960105519317542258631791435460295045655810612431223443712080754461262405938294674985189237329034237345241592943800099432599733894077115677697779146630726091147727462766444495765504.0000
96.0000 10432555324341880786776352528421865834447411234435838309231377348571021289183332508585540155833380329781136106908310712708807222327339150681161196328581464752246537496993763178273150646566392477882005848064.0000
97.0000 -8584511401715594299291259494463078263786119519920349272383360997196625132592602190230368901777775312803353408654521611065507142967946323142866104285392715835126245526840832673733972295654333491295570362368.0000
98.0000 6707234457063946239885373666430551184468101058063839453011239944855911231935177547620641798265767133849685018242979675234049272968335030951438424904099854340963717900075985468037909470314935988293174558720.0000
99.0000 -4807177970054087483085756263881079707146541358797210833821723367109715029660235047253676380575476179468198571278670531443734451474702901255659827534895334571841007757286798487501726322037785361237462220800.0000
100.0000 2890829235076593441111676715529423379784275262212995099898269516252112698319511112757619921144359191041200217655280481273613880585210061163903197513378705984957329244535342294948550726255207500944167141376.0000
