0.0000 1.0000
1.0000 0.9899
2.0000 0.9797
3.0000 0.9696
4.0000 0.9594
5.0000 0.9493
6.0000 0.9391
7.0000 0.9290
8.0000 0.9189
9.0000 0.9087
10.0000 0.8986
11.0000 0.8885
12.0000 0.8783
13.0000 0.8682
14.0000 0.8581
15.0000 0.8479
16.0000 0.8378
17.0000 0.8277
18.0000 0.8175
19.0000 0.8074
20.0000 0.7973
21.0000 0.7872
22.0000 0.7771
23.0000 0.7670
24.0000 0.7569
25.0000 0.7468
26.0000 0.7367
27.0000 0.7266
28.0000 0.7165
29.0000 0.7064
30.0000 0.6963
31.0000 0.6862
32.0000 0.6761
33.0000 0.6661
34.0000 0.6560
35.0000 0.6459
36.0000 0.6359
37.0000 0.6258
38.0000 0.6157
39.0000 0.6057
40.0000 0.5957
41.0000 0.5856
42.0000 0.5756
43.0000 0.5655
44.0000 0.5555
45.0000 0.5455
46.0000 0.5355
47.0000 0.5254
48.0000 0.5154
49.0000 0.5054
50.0000 0.4954
51.0000 0.4854
52.0000 0.4754
53.0000 0.4654
54.0000 0.4555
55.0000 0.4455
56.0000 0.4355
57.0000 0.4255
58.0000 0.4156
59.0000 0.4056
60.0000 0.3957
61.0000 0.3857
62.0000 0.3757
63.0000 0.3658
64.0000 0.3559
65.0000 0.3459
66.0000 0.3360
67.0000 0.3261
68.0000 0.3161
69.0000 0.3062
70.0000 0.2963
71.0000 0.2864
72.0000 0.2765
73.0000 0.2666
74.0000 0.2567
75.0000 0.2468
76.0000 0.2369
77.0000 0.2270
78.0000 0.2171
79.0000 0.2072
80.0000 0.1973
81.0000 0.1874
82.0000 0.1775
83.0000 0.1677
84.0000 0.1578
85.0000 0.1479
86.0000 0.1381
87.0000 0.1282
88.0000 0.1183
89.0000 0.1085
90.0000 0.0986
91.0000 0.0887
92.0000 0.0789
93.0000 0.0690
94.0000 0.0591
95.0000 0.0493
96.0000 0.0394
97.0000 0.0296
98.0000 0.0197
99.0000 0.0099
100.0000 0.0000
