0.0000 0.0000
1.0000 -7653261030482755190784.0000
2.0000 15840940951591043727360.0000
3.0000 -25098078016163981295616.0000
4.0000 35959193920604204957696.0000
5.0000 -48953801174247521910784.0000
6.0000 64597257996353191018496.0000
7.0000 -83376126220627529957376.0000
8.0000 105727770208871076855808.0000
9.0000 -132014621867982599487488.0000
10.0000 162494285780021841756160.0000
11.0000 -197287408943051629920256.0000
12.0000 236345915753640281243648.0000
13.0000 -279424724771329160511488.0000
14.0000 326060333219001634127872.0000
15.0000 -375559603817530863386624.0000
16.0000 427001667697043774111744.0000
17.0000 -479255055975872930512896.0000
18.0000 531011027043923689209856.0000
19.0000 -580832652079638473867264.0000
20.0000 627217688374033080385536.0000
21.0000 -668671771964079859564544.0000
22.0000 703787175112732330426368.0000
23.0000 -731321468130360274452480.0000
24.0000 750270033070495952273408.0000
25.0000 -759926578144260296540160.0000
26.0000 759926605868448004177920.0000
27.0000 -750270129823025855463424.0000
28.0000 731321680222849637285888.0000
29.0000 -703787600134673212112896.0000
30.0000 668672596239133207166976.0000
31.0000 -627219254755553041186816.0000
32.0000 580835577529534955651072.0000
33.0000 -531016401411764167639040.0000
34.0000 479264771171994342260736.0000
35.0000 -427018952364671109169152.0000
36.0000 375589875483279653601280.0000
37.0000 -326112530978260901691392.0000
38.0000 279513354251402920067072.0000
39.0000 -236494127505220208427008.0000
40.0000 197531543618731871567872.0000
41.0000 -162890454457615596388352.0000
42.0000 132648044194949375197184.0000
43.0000 -106725758126754916990976.0000
44.0000 84925761528047775776768.0000
45.0000 -66968944275970836135936.0000
46.0000 52531941780562934497280.0000
47.0000 -41281215927107016720384.0000
48.0000 32902838238915753672704.0000
49.0000 -27127162308716987940864.0000
50.0000 23748006972697887113216.0000
51.0000 -22636265571103992184832.0000
52.0000 23748006972697815810048.0000
53.0000 -27127162308716723699712.0000
54.0000 32902838238914885451776.0000
55.0000 -41281215927104357531648.0000
56.0000 52531941780555065982976.0000
57.0000 -66968944275948195282944.0000
58.0000 84925761527984190128128.0000
59.0000 -106725758126580400390144.0000
60.0000 132648044194481827741696.0000
61.0000 -162890454456390691848192.0000
62.0000 197531543615594028859392.0000
63.0000 -236494127497354009378816.0000
64.0000 279513354232098585575424.0000
65.0000 -326112530931861631795200.0000
66.0000 375589875374010383990784.0000
67.0000 -427018952112449020493824.0000
68.0000 479264770601145474220032.0000
69.0000 -531016400144521316270080.0000
70.0000 580835574769347916201984.0000
71.0000 -627219248855047244611584.0000
72.0000 668672583855816256258048.0000
73.0000 -703787574613523212271616.0000
74.0000 731321628558472480030720.0000
75.0000 -750270027064893379706880.0000
76.0000 759926405016533642248192.0000
77.0000 -759926192252144695902208.0000
78.0000 750269304156506854260736.0000
79.0000 -731320114211844157079552.0000
80.0000 703784701707025450532864.0000
81.0000 -668667327074394661978112.0000
82.0000 627209829483201515487232.0000
83.0000 -580818979080981555707904.0000
84.0000 530987615394613497430016.0000
85.0000 -479215598853201057546240.0000
86.0000 426936204162933509324800.0000
87.0000 -375452672315703013933056.0000
88.0000 325888347761059127361536.0000
89.0000 -279152328348350233444352.0000
90.0000 235921027670662757482496.0000
91.0000 -196634658627245238648832.0000
92.0000 161506526979032558338048.0000
93.0000 -130542262728316157952000.0000
94.0000 103565753164564222967808.0000
95.0000 -80248563762962647482368.0000
96.0000 60139990457599314100224.0000
97.0000 -42695498506297742983168.0000
98.0000 27302072138303631523840.0000
99.0000 -13299824125949553672192.0000
100.0000 0.0000
