0.0000 0.0000
1.0000 0.0177
2.0000 0.0354
3.0000 0.0532
4.0000 0.0710
5.0000 0.0889
6.0000 0.1070
7.0000 0.1252
8.0000 0.1436
9.0000 0.1621
10.0000 0.1809
11.0000 0.1998
12.0000 0.2189
13.0000 0.2382
14.0000 0.2577
15.0000 0.2774
16.0000 0.2973
17.0000 0.3173
18.0000 0.3374
19.0000 0.3576
20.0000 0.3779
21.0000 0.3983
22.0000 0.4186
23.0000 0.4389
24.0000 0.4592
25.0000 0.4793
26.0000 0.4992
27.0000 0.5189
28.0000 0.5384
29.0000 0.5575
30.0000 0.5762
31.0000 0.5945
32.0000 0.6124
33.0000 0.6296
34.0000 0.6463
35.0000 0.6624
36.0000 0.6777
37.0000 0.6923
38.0000 0.7061
39.0000 0.7191
40.0000 0.7312
41.0000 0.7424
42.0000 0.7526
43.0000 0.7619
44.0000 0.7701
45.0000 0.7773
46.0000 0.7834
47.0000 0.7885
48.0000 0.7924
49.0000 0.7952
50.0000 0.7969
51.0000 0.7974
52.0000 0.7969
53.0000 0.7951
54.0000 0.7923
55.0000 0.7883
56.0000 0.7833
57.0000 0.7771
58.0000 0.7699
59.0000 0.7616
60.0000 0.7523
61.0000 0.7420
62.0000 0.7307
63.0000 0.7185
64.0000 0.7054
65.0000 0.6915
66.0000 0.6767
67.0000 0.6612
68.0000 0.6450
69.0000 0.6281
70.0000 0.6106
71.0000 0.5926
72.0000 0.5740
73.0000 0.5549
74.0000 0.5355
75.0000 0.5156
76.0000 0.4955
77.0000 0.4750
78.0000 0.4544
79.0000 0.4336
80.0000 0.4126
81.0000 0.3915
82.0000 0.3704
83.0000 0.3492
84.0000 0.3281
85.0000 0.3069
86.0000 0.2858
87.0000 0.2648
88.0000 0.2439
89.0000 0.2231
90.0000 0.2023
91.0000 0.1817
92.0000 0.1612
93.0000 0.1408
94.0000 0.1205
95.0000 0.1002
96.0000 0.0801
97.0000 0.0600
98.0000 0.0400
99.0000 0.0200
100.0000 0.0000
