0.0000 0.0000
1.0000 0.0000
2.0000 0.0000
3.0000 0.0000
4.0000 0.0000
5.0000 0.0000
6.0000 0.0000
7.0000 0.0000
8.0000 0.0000
9.0000 0.0000
10.0000 0.0000
11.0000 0.0001
12.0000 0.0002
13.0000 0.0006
14.0000 0.0016
15.0000 0.0037
16.0000 0.0081
17.0000 0.0160
18.0000 0.0298
19.0000 0.0519
20.0000 0.0849
21.0000 0.1312
22.0000 0.1921
23.0000 0.2674
24.0000 0.3549
25.0000 0.4507
26.0000 0.5493
27.0000 0.6451
28.0000 0.7326
29.0000 0.8079
30.0000 0.8688
31.0000 0.9151
32.0000 0.9481
33.0000 0.9702
34.0000 0.9840
35.0000 0.9919
36.0000 0.9963
37.0000 0.9984
38.0000 0.9994
39.0000 0.9998
40.0000 0.9999
41.0000 1.0000
42.0000 1.0000
43.0000 1.0000
44.0000 1.0000
45.0000 1.0000
46.0000 1.0000
47.0000 1.0000
48.0000 1.0000
49.0000 1.0000
50.0000 1.0000
51.0000 1.0000
52.0000 1.0000
53.0000 1.0000
54.0000 1.0000
55.0000 1.0000
56.0000 1.0000
57.0000 1.0000
58.0000 1.0000
59.0000 1.0000
60.0000 1.0000
61.0000 1.0000
62.0000 0.9999
63.0000 0.9998
64.0000 0.9994
65.0000 0.9984
66.0000 0.9963
67.0000 0.9919
68.0000 0.9840
69.0000 0.9702
70.0000 0.9481
71.0000 0.9151
72.0000 0.8688
73.0000 0.8079
74.0000 0.7326
75.0000 0.6451
76.0000 0.5493
77.0000 0.4507
78.0000 0.3549
79.0000 0.2674
80.0000 0.1921
81.0000 0.1312
82.0000 0.0849
83.0000 0.0519
84.0000 0.0298
85.0000 0.0160
86.0000 0.0081
87.0000 0.0037
88.0000 0.0016
89.0000 0.0006
90.0000 0.0002
91.0000 0.0001
92.0000 0.0000
93.0000 0.0000
94.0000 0.0000
95.0000 0.0000
96.0000 0.0000
97.0000 0.0000
98.0000 0.0000
99.0000 0.0000
100.0000 0.0000
