0.0000 -3164343422812706048308766312382185143683621016830192842013714323341312.0000
1.0000 -3164343422812643982239361243883421630629021429308256283079265887453184.0000
2.0000 9482296262530803164181249082026261141070941012946070758605624071684096.0000
3.0000 -15768099056826414035917102898651395978829413008150484668027816611151872.0000
4.0000 22000491906276147287686699417068312079977739253439570581054986242752512.0000
5.0000 -28158475869696725250035423384646171739054922189147012233795970917203968.0000
6.0000 34221418802765218769157258429154545067033274711133909422518400985333760.0000
7.0000 -40169162494290960420872453605037224845588514826388969721922316828409856.0000
8.0000 45982131251618385848239551207276341582801936772953199792906724865736704.0000
9.0000 -51641441932423134798652461605609127340829020474842377287090838809083904.0000
10.0000 57129015242664697118935684957348202539820136663881677837467396526309376.0000
11.0000 -62427687925728383098349014412942896968806812184921274242414309955076096.0000
12.0000 67521325262525130331115516527493819134874461980934402337898564669145088.0000
13.0000 -72394933093633137853773737618646264920415333192348091092642137852870656.0000
14.0000 77034768369808006749258145408263134048832279664167245225202186935336960.0000
15.0000 -81428447043674466210154344675143555792646984051824976197040716826804224.0000
16.0000 85565047940247181266510710617054438242690121358225345754602172147826688.0000
17.0000 -89435211093758581575067134284925191730410513567334246912908809425911808.0000
18.0000 93031228919110780271621597256213843150926277728533840689719803811725312.0000
19.0000 -96347128503305657187404437385028286274275089918673940029463219499171840.0000
20.0000 99378743259667397129222228128290803745780721434036227958059963296776192.0000
21.0000 -102123772188672444471461311663298529618077286651436357856892823143448576.0000
22.0000 104581825035705571875152673471357831064299597806754718755703808487063552.0000
23.0000 -106754451728765854323363810718400805367260851751679937913586948782424064.0000
24.0000 108645154617527511671612336551536306336071537589592877662961818434273280.0000
25.0000 -110259382217442222923321423883497817770068517726804947636938532485857280.0000
26.0000 111604503385808741616523241662443379506943416574306259974706182303514624.0000
27.0000 -112689761116888566115648001138656972156221601036410719856440452354932736.0000
28.0000 113526205435192916868473284374407740372760606607455239042109388852559872.0000
29.0000 -114126605184139044645356157042543280906338395828089650324179816711979008.0000
30.0000 114505338844825002818396344853330197296065445771177657980541424799580160.0000
31.0000 -114678264869631546013666401495345764721434849365998343963993050286391296.0000
32.0000 114662572370326647195286303632536986974968158139609740322311860454948864.0000
33.0000 -114476613352775609854546638317575984950570174407151718375144069030477824.0000
34.0000 114139718032716485054786233611839470015659884804287782389439642273316864.0000
35.0000 -113671995092047220622126822539475086130356508885811704404855627980996608.0000
36.0000 113094119035733207009009720107858472784261113239413459328004091530969088.0000
37.0000 -112427107079378776842315233932183897927041683793762771787834257506828288.0000
38.0000 111692088230939687501621759602999990478087107805756428008815844357308416.0000
39.0000 -110910067422008809297148133238461099108227151503107933640206141324525568.0000
40.0000 110101687690441918563873943500658440712743681431901411830578654614650880.0000
41.0000 -109286993513616255375601517712920903315920088749109906788567738002440192.0000
42.0000 108485198438100857520419361531091460865666838401765022105711687403307008.0000
43.0000 -107714460145749197523707048979372203031700260532695323762596015792717824.0000
44.0000 106991666037979851600919991302579033399975366864308594817271060016136192.0000
45.0000 -106332232310066021331375568254759213695445133237043999175573210281279488.0000
46.0000 105749919327328569824729292009746718757166344900684742315871002127499264.0000
47.0000 -105256665907857408409147436620037801436112259311862853764032755864174592.0000
48.0000 104862444865231665039371754561894374962587593956702132685099329348698112.0000
49.0000 -104575141873911269243261027265887961467898283360534689171843474291425280.0000
50.0000 104400459394439064217052181123188799763653220096611529831987021638270976.0000
51.0000 -104341847040822266442067161315899008318469624687736381573112756663484416.0000
52.0000 104400459394439051957087854196077932896877002894138060882074044169453568.0000
53.0000 -104575141873911220203403719557444494000793414550640813372191564416155648.0000
54.0000 104862444865231603739550119926340040628706507944334787935534442004611072.0000
55.0000 -105256665907857371629254455838705200835783607704442446914293823457722368.0000
56.0000 105749919327328533044836311228414118156837693293264335466132069721047040.0000
57.0000 -106332232310065947771589606692094012494787830022203185476095345468375040.0000
58.0000 106991666037979802561062683594135565932870498054414719017619150140866560.0000
59.0000 -107714460145749111703956760489596134964266740115381041113205173510995968.0000
60.0000 108485198438100833000490707676869727132114403996818084205885732465672192.0000
61.0000 -109286993513616218595708536931588302715591437141689499938828805595987968.0000
62.0000 110101687690441943083802597354880174446296115836848349730404609552285696.0000
63.0000 -110910067422008809297148133238461099108227151503107933640206141324525568.0000
64.0000 111692088230939687501621759602999990478087107805756428008815844357308416.0000
65.0000 -112427107079378776842315233932183897927041683793762771787834257506828288.0000
66.0000 113094119035733256048867027816301940251365982049307335127656001406238720.0000
67.0000 -113671995092047245142055476393696819863908943290758642304681582918631424.0000
68.0000 114139718032716485054786233611839470015659884804287782389439642273316864.0000
69.0000 -114476613352775585334617984463354251217017740002204780475318114092843008.0000
70.0000 114662572370326647195286303632536986974968158139609740322311860454948864.0000
71.0000 -114678264869631472453880439932680563520777546151157530264515185473486848.0000
72.0000 114505338844825002818396344853330197296065445771177657980541424799580160.0000
73.0000 -114126605184139020125427503188321547172785961423142712424353861774344192.0000
74.0000 113526205435192916868473284374407740372760606607455239042109388852559872.0000
75.0000 -112689761116888590635576654992878705889774035441357657756266407292567552.0000
76.0000 111604503385808766136451895516665113240495850979253197874532137241149440.0000
77.0000 -110259382217442247443250077737719551503620952131751885536764487423492096.0000
78.0000 108645154617527499411648009624425439469295320387119408713048840965455872.0000
79.0000 -106754451728765805283506503009957337900155982941786062113935038907154432.0000
80.0000 104581825035705559615188346544246964197523380604281249805790831018246144.0000
81.0000 -102123772188672481251354292444631130218405938258856764706631755549900800.0000
82.0000 99378743259667433909115208909623404346109373041456634807798895703228416.0000
83.0000 -96347128503305693967297418166360886874603741526094346879202151905624064.0000
84.0000 93031228919110768011657270329102976284150060526060371739806826342907904.0000
85.0000 -89435211093758655134853095847590392931067816782175060612386674238816256.0000
86.0000 85565047940247205786439364471276171976242555763172283654428127085461504.0000
87.0000 -81428447043674466210154344675143555792646984051824976197040716826804224.0000
88.0000 77034768369808043529151126189595734649160931271587652074941119341789184.0000
89.0000 -72394933093633186893631045327089732387520202002241966892294047728140288.0000
90.0000 67521325262525216150865805017269887202307982398248684987289406950866944.0000
91.0000 -62427687925728468918099302902718965036240332602235556891805152236797952.0000
92.0000 57129015242664782938685973447124270607253657081195960486858238808031232.0000
93.0000 -51641441932423214488420586631829761974874432290919925461525192356397056.0000
94.0000 45982131251618434888096858915719809049906805582847075592558634741006336.0000
95.0000 -40169162494291015590711924777036125746081492237519579996530715438088192.0000
96.0000 34221418802765273938996729601153445967526252122264519697126799595012096.0000
97.0000 -28158475869696792679839221483755939506324116802751091458317346995699712.0000
98.0000 22000491906276205522517252320844929697164770965188548093141629219635200.0000
99.0000 -15768099056826478400729819265983447029404553321136196655070948322443264.0000
100.0000 9482296262530862931507342851691737116604999875004231889431389232168960.0000
