0.0000 0.0000
1.0000 0.0000
2.0000 0.0000
3.0000 0.0000
4.0000 0.0000
5.0000 0.0000
6.0000 0.0000
7.0000 0.0000
8.0000 0.0000
9.0000 0.0000
10.0000 0.0000
11.0000 0.0000
12.0000 0.0000
13.0000 0.0000
14.0000 0.0000
15.0000 0.0000
16.0000 0.0000
17.0000 0.0000
18.0000 0.0001
19.0000 0.0007
20.0000 0.0032
21.0000 0.0122
22.0000 0.0387
23.0000 0.1019
24.0000 0.2215
25.0000 0.3988
26.0000 0.6012
27.0000 0.7785
28.0000 0.8981
29.0000 0.9613
30.0000 0.9878
31.0000 0.9968
32.0000 0.9993
33.0000 0.9999
34.0000 1.0000
35.0000 1.0000
36.0000 1.0000
37.0000 1.0000
38.0000 1.0000
39.0000 1.0000
40.0000 1.0000
41.0000 1.0000
42.0000 1.0000
43.0000 1.0000
44.0000 1.0000
45.0000 1.0000
46.0000 1.0000
47.0000 1.0000
48.0000 1.0000
49.0000 1.0000
50.0000 1.0000
51.0000 1.0000
52.0000 1.0000
53.0000 1.0000
54.0000 1.0000
55.0000 1.0000
56.0000 1.0000
57.0000 1.0000
58.0000 1.0000
59.0000 1.0000
60.0000 1.0000
61.0000 1.0000
62.0000 1.0000
63.0000 1.0000
64.0000 1.0000
65.0000 1.0000
66.0000 1.0000
67.0000 1.0000
68.0000 1.0000
69.0000 0.9999
70.0000 0.9993
71.0000 0.9968
72.0000 0.9878
73.0000 0.9613
74.0000 0.8981
75.0000 0.7785
76.0000 0.6012
77.0000 0.3988
78.0000 0.2215
79.0000 0.1019
80.0000 0.0387
81.0000 0.0122
82.0000 0.0032
83.0000 0.0007
84.0000 0.0001
85.0000 0.0000
86.0000 0.0000
87.0000 0.0000
88.0000 0.0000
89.0000 0.0000
90.0000 0.0000
91.0000 0.0000
92.0000 0.0000
93.0000 0.0000
94.0000 0.0000
95.0000 0.0000
96.0000 0.0000
97.0000 0.0000
98.0000 0.0000
99.0000 0.0000
100.0000 0.0000
