0.0000 1.0000
1.0000 0.9900
2.0000 0.9800
3.0000 0.9700
4.0000 0.9600
5.0000 0.9500
6.0000 0.9400
7.0000 0.9300
8.0000 0.9200
9.0000 0.9100
10.0000 0.9000
11.0000 0.8900
12.0000 0.8800
13.0000 0.8700
14.0000 0.8600
15.0000 0.8500
16.0000 0.8400
17.0000 0.8300
18.0000 0.8200
19.0000 0.8100
20.0000 0.8000
21.0000 0.7900
22.0000 0.7800
23.0000 0.7700
24.0000 0.7600
25.0000 0.7500
26.0000 0.7400
27.0000 0.7300
28.0000 0.7200
29.0000 0.7100
30.0000 0.7000
31.0000 0.6900
32.0000 0.6800
33.0000 0.6700
34.0000 0.6600
35.0000 0.6500
36.0000 0.6400
37.0000 0.6300
38.0000 0.6200
39.0000 0.6100
40.0000 0.6000
41.0000 0.5900
42.0000 0.5800
43.0000 0.5700
44.0000 0.5600
45.0000 0.5500
46.0000 0.5400
47.0000 0.5300
48.0000 0.5200
49.0000 0.5100
50.0000 0.5000
51.0000 0.4900
52.0000 0.4800
53.0000 0.4700
54.0000 0.4600
55.0000 0.4500
56.0000 0.4400
57.0000 0.4300
58.0000 0.4200
59.0000 0.4100
60.0000 0.4000
61.0000 0.3900
62.0000 0.3800
63.0000 0.3700
64.0000 0.3600
65.0000 0.3500
66.0000 0.3400
67.0000 0.3300
68.0000 0.3200
69.0000 0.3100
70.0000 0.3000
71.0000 0.2900
72.0000 0.2800
73.0000 0.2700
74.0000 0.2600
75.0000 0.2500
76.0000 0.2400
77.0000 0.2300
78.0000 0.2200
79.0000 0.2100
80.0000 0.2000
81.0000 0.1900
82.0000 0.1800
83.0000 0.1700
84.0000 0.1600
85.0000 0.1500
86.0000 0.1400
87.0000 0.1300
88.0000 0.1200
89.0000 0.1100
90.0000 0.1000
91.0000 0.0900
92.0000 0.0800
93.0000 0.0700
94.0000 0.0600
95.0000 0.0500
96.0000 0.0400
97.0000 0.0300
98.0000 0.0200
99.0000 0.0100
100.0000 0.0000
