0.0000 0.2112
1.0000 0.2112
2.0000 0.2124
3.0000 0.2146
4.0000 0.2180
5.0000 0.2225
6.0000 0.2281
7.0000 0.2348
8.0000 0.2425
9.0000 0.2512
10.0000 0.2609
11.0000 0.2716
12.0000 0.2831
13.0000 0.2956
14.0000 0.3088
15.0000 0.3228
16.0000 0.3375
17.0000 0.3529
18.0000 0.3689
19.0000 0.3854
20.0000 0.4023
21.0000 0.4197
22.0000 0.4373
23.0000 0.4553
24.0000 0.4734
25.0000 0.4917
26.0000 0.5100
27.0000 0.5283
28.0000 0.5464
29.0000 0.5644
30.0000 0.5822
31.0000 0.5997
32.0000 0.6168
33.0000 0.6334
34.0000 0.6496
35.0000 0.6651
36.0000 0.6801
37.0000 0.6943
38.0000 0.7078
39.0000 0.7206
40.0000 0.7325
41.0000 0.7435
42.0000 0.7536
43.0000 0.7627
44.0000 0.7708
45.0000 0.7779
46.0000 0.7840
47.0000 0.7890
48.0000 0.7929
49.0000 0.7957
50.0000 0.7974
51.0000 0.7979
52.0000 0.7974
53.0000 0.7957
54.0000 0.7929
55.0000 0.7890
56.0000 0.7840
57.0000 0.7779
58.0000 0.7708
59.0000 0.7627
60.0000 0.7536
61.0000 0.7435
62.0000 0.7325
63.0000 0.7206
64.0000 0.7078
65.0000 0.6943
66.0000 0.6801
67.0000 0.6651
68.0000 0.6496
69.0000 0.6334
70.0000 0.6168
71.0000 0.5997
72.0000 0.5822
73.0000 0.5644
74.0000 0.5464
75.0000 0.5283
76.0000 0.5100
77.0000 0.4917
78.0000 0.4734
79.0000 0.4553
80.0000 0.4373
81.0000 0.4197
82.0000 0.4023
83.0000 0.3854
84.0000 0.3689
85.0000 0.3529
86.0000 0.3375
87.0000 0.3228
88.0000 0.3088
89.0000 0.2956
90.0000 0.2831
91.0000 0.2716
92.0000 0.2609
93.0000 0.2512
94.0000 0.2425
95.0000 0.2348
96.0000 0.2281
97.0000 0.2225
98.0000 0.2180
99.0000 0.2146
100.0000 0.2124
