0.0000 0.0000
1.0000 0.0000
2.0000 0.0000
3.0000 0.0000
4.0000 0.0000
5.0000 0.0000
6.0000 0.0000
7.0000 0.0000
8.0000 0.0000
9.0000 0.0000
10.0000 0.0000
11.0000 0.0000
12.0000 0.0000
13.0000 0.0000
14.0000 0.0000
15.0000 0.0001
16.0000 0.0003
17.0000 0.0012
18.0000 0.0037
19.0000 0.0103
20.0000 0.0252
21.0000 0.0550
22.0000 0.1071
23.0000 0.1877
24.0000 0.2975
25.0000 0.4297
26.0000 0.5703
27.0000 0.7025
28.0000 0.8123
29.0000 0.8929
30.0000 0.9450
31.0000 0.9748
32.0000 0.9897
33.0000 0.9963
34.0000 0.9988
35.0000 0.9997
36.0000 0.9999
37.0000 1.0000
38.0000 1.0000
39.0000 1.0000
40.0000 1.0000
41.0000 1.0000
42.0000 1.0000
43.0000 1.0000
44.0000 1.0000
45.0000 1.0000
46.0000 1.0000
47.0000 1.0000
48.0000 1.0000
49.0000 1.0000
50.0000 1.0000
51.0000 1.0000
52.0000 1.0000
53.0000 1.0000
54.0000 1.0000
55.0000 1.0000
56.0000 1.0000
57.0000 1.0000
58.0000 1.0000
59.0000 1.0000
60.0000 1.0000
61.0000 1.0000
62.0000 1.0000
63.0000 1.0000
64.0000 1.0000
65.0000 1.0000
66.0000 0.9999
67.0000 0.9997
68.0000 0.9988
69.0000 0.9963
70.0000 0.9897
71.0000 0.9748
72.0000 0.9450
73.0000 0.8929
74.0000 0.8123
75.0000 0.7025
76.0000 0.5703
77.0000 0.4297
78.0000 0.2975
79.0000 0.1877
80.0000 0.1071
81.0000 0.0550
82.0000 0.0252
83.0000 0.0103
84.0000 0.0037
85.0000 0.0012
86.0000 0.0003
87.0000 0.0001
88.0000 0.0000
89.0000 0.0000
90.0000 0.0000
91.0000 0.0000
92.0000 0.0000
93.0000 0.0000
94.0000 0.0000
95.0000 0.0000
96.0000 0.0000
97.0000 0.0000
98.0000 0.0000
99.0000 0.0000
100.0000 0.0000
