0.0000 1.0000
1.0000 0.9890
2.0000 0.9779
3.0000 0.9669
4.0000 0.9559
5.0000 0.9448
6.0000 0.9338
7.0000 0.9228
8.0000 0.9118
9.0000 0.9008
10.0000 0.8898
11.0000 0.8788
12.0000 0.8679
13.0000 0.8569
14.0000 0.8460
15.0000 0.8350
16.0000 0.8241
17.0000 0.8132
18.0000 0.8023
19.0000 0.7915
20.0000 0.7806
21.0000 0.7698
22.0000 0.7590
23.0000 0.7482
24.0000 0.7374
25.0000 0.7267
26.0000 0.7160
27.0000 0.7053
28.0000 0.6946
29.0000 0.6840
30.0000 0.6733
31.0000 0.6627
32.0000 0.6522
33.0000 0.6416
34.0000 0.6311
35.0000 0.6206
36.0000 0.6102
37.0000 0.5998
38.0000 0.5894
39.0000 0.5790
40.0000 0.5687
41.0000 0.5584
42.0000 0.5481
43.0000 0.5378
44.0000 0.5276
45.0000 0.5175
46.0000 0.5073
47.0000 0.4972
48.0000 0.4871
49.0000 0.4771
50.0000 0.4670
51.0000 0.4571
52.0000 0.4471
53.0000 0.4372
54.0000 0.4273
55.0000 0.4175
56.0000 0.4076
57.0000 0.3978
58.0000 0.3881
59.0000 0.3784
60.0000 0.3687
61.0000 0.3590
62.0000 0.3494
63.0000 0.3398
64.0000 0.3302
65.0000 0.3206
66.0000 0.3111
67.0000 0.3016
68.0000 0.2922
69.0000 0.2827
70.0000 0.2733
71.0000 0.2640
72.0000 0.2546
73.0000 0.2453
74.0000 0.2360
75.0000 0.2267
76.0000 0.2174
77.0000 0.2082
78.0000 0.1990
79.0000 0.1898
80.0000 0.1806
81.0000 0.1715
82.0000 0.1623
83.0000 0.1532
84.0000 0.1441
85.0000 0.1350
86.0000 0.1260
87.0000 0.1169
88.0000 0.1079
89.0000 0.0988
90.0000 0.0898
91.0000 0.0808
92.0000 0.0718
93.0000 0.0628
94.0000 0.0538
95.0000 0.0448
96.0000 0.0359
97.0000 0.0269
98.0000 0.0179
99.0000 0.0090
100.0000 0.0000
