0.0000 0.0000
1.0000 0.0000
2.0000 0.0000
3.0000 0.0000
4.0000 0.0000
5.0000 0.0000
6.0000 0.0008
7.0000 -0.0083
8.0000 0.0571
9.0000 -0.2858
10.0000 1.1690
11.0000 -4.0294
12.0000 12.1261
13.0000 -32.3297
14.0000 77.6119
15.0000 -169.1577
16.0000 337.7677
17.0000 -621.0120
18.0000 1057.2073
19.0000 -1671.7520
20.0000 2464.3893
21.0000 -3393.1413
22.0000 4374.0760
23.0000 -5284.2714
24.0000 5991.8610
25.0000 -6378.0863
26.0000 6379.0863
27.0000 -5990.8610
28.0000 5285.2714
29.0000 -4373.0760
30.0000 3394.1413
31.0000 -2463.3893
32.0000 1672.7520
33.0000 -1056.2073
34.0000 622.0120
35.0000 -336.7677
36.0000 170.1577
37.0000 -76.6119
38.0000 33.3297
39.0000 -11.1261
40.0000 5.0294
41.0000 -0.1690
42.0000 1.2858
43.0000 0.9429
44.0000 1.0083
45.0000 0.9992
46.0000 1.0000
47.0000 1.0000
48.0000 1.0000
49.0000 1.0000
50.0000 1.0000
51.0000 1.0000
52.0000 1.0000
53.0000 1.0000
54.0000 1.0000
55.0000 1.0000
56.0000 1.0000
57.0000 0.9992
58.0000 1.0083
59.0000 0.9429
60.0000 1.2858
61.0000 -0.1690
62.0000 5.0294
63.0000 -11.1261
64.0000 33.3297
65.0000 -76.6119
66.0000 170.1577
67.0000 -336.7677
68.0000 622.0120
69.0000 -1056.2073
70.0000 1672.7520
71.0000 -2463.3893
72.0000 3394.1413
73.0000 -4373.0760
74.0000 5285.2714
75.0000 -5990.8610
76.0000 6379.0863
77.0000 -6378.0863
78.0000 5991.8610
79.0000 -5284.2714
80.0000 4374.0760
81.0000 -3393.1413
82.0000 2464.3893
83.0000 -1671.7520
84.0000 1057.2073
85.0000 -621.0120
86.0000 337.7677
87.0000 -169.1577
88.0000 77.6119
89.0000 -32.3297
90.0000 12.1261
91.0000 -4.0294
92.0000 1.1690
93.0000 -0.2858
94.0000 0.0571
95.0000 -0.0083
96.0000 0.0008
97.0000 0.0000
98.0000 0.0000
99.0000 0.0000
100.0000 0.0000
