0.0000 0.0000
1.0000 0.0040
2.0000 0.0080
3.0000 0.0119
4.0000 0.0159
5.0000 0.0199
6.0000 0.0238
7.0000 0.0277
8.0000 0.0316
9.0000 0.0354
10.0000 0.0392
11.0000 0.0430
12.0000 0.0467
13.0000 0.0504
14.0000 0.0540
15.0000 0.0576
16.0000 0.0611
17.0000 0.0646
18.0000 0.0680
19.0000 0.0713
20.0000 0.0746
21.0000 0.0778
22.0000 0.0809
23.0000 0.0839
24.0000 0.0869
25.0000 0.0898
26.0000 0.0925
27.0000 0.0952
28.0000 0.0978
29.0000 0.1003
30.0000 0.1027
31.0000 0.1050
32.0000 0.1072
33.0000 0.1093
34.0000 0.1112
35.0000 0.1131
36.0000 0.1149
37.0000 0.1165
38.0000 0.1180
39.0000 0.1194
40.0000 0.1207
41.0000 0.1219
42.0000 0.1230
43.0000 0.1239
44.0000 0.1247
45.0000 0.1254
46.0000 0.1259
47.0000 0.1264
48.0000 0.1267
49.0000 0.1269
50.0000 0.1270
51.0000 0.1269
52.0000 0.1267
53.0000 0.1264
54.0000 0.1260
55.0000 0.1254
56.0000 0.1247
57.0000 0.1239
58.0000 0.1230
59.0000 0.1219
60.0000 0.1207
61.0000 0.1195
62.0000 0.1180
63.0000 0.1165
64.0000 0.1149
65.0000 0.1131
66.0000 0.1113
67.0000 0.1093
68.0000 0.1072
69.0000 0.1050
70.0000 0.1027
71.0000 0.1003
72.0000 0.0978
73.0000 0.0952
74.0000 0.0926
75.0000 0.0898
76.0000 0.0869
77.0000 0.0840
78.0000 0.0809
79.0000 0.0778
80.0000 0.0746
81.0000 0.0714
82.0000 0.0680
83.0000 0.0646
84.0000 0.0612
85.0000 0.0576
86.0000 0.0541
87.0000 0.0504
88.0000 0.0467
89.0000 0.0430
90.0000 0.0392
91.0000 0.0354
92.0000 0.0316
93.0000 0.0277
94.0000 0.0238
95.0000 0.0199
96.0000 0.0159
97.0000 0.0119
98.0000 0.0080
99.0000 0.0040
100.0000 0.0000
