0.0000 0.3696
1.0000 0.3696
2.0000 0.3701
3.0000 0.3712
4.0000 0.3727
5.0000 0.3748
6.0000 0.3774
7.0000 0.3805
8.0000 0.3840
9.0000 0.3880
10.0000 0.3925
11.0000 0.3974
12.0000 0.4028
13.0000 0.4085
14.0000 0.4146
15.0000 0.4210
16.0000 0.4278
17.0000 0.4349
18.0000 0.4422
19.0000 0.4498
20.0000 0.4576
21.0000 0.4655
22.0000 0.4737
23.0000 0.4819
24.0000 0.4903
25.0000 0.4987
26.0000 0.5071
27.0000 0.5155
28.0000 0.5239
29.0000 0.5322
30.0000 0.5403
31.0000 0.5484
32.0000 0.5563
33.0000 0.5640
34.0000 0.5714
35.0000 0.5786
36.0000 0.5855
37.0000 0.5922
38.0000 0.5984
39.0000 0.6043
40.0000 0.6098
41.0000 0.6150
42.0000 0.6197
43.0000 0.6239
44.0000 0.6277
45.0000 0.6310
46.0000 0.6338
47.0000 0.6361
48.0000 0.6380
49.0000 0.6393
50.0000 0.6400
51.0000 0.6403
52.0000 0.6400
53.0000 0.6393
54.0000 0.6380
55.0000 0.6361
56.0000 0.6338
57.0000 0.6310
58.0000 0.6277
59.0000 0.6239
60.0000 0.6197
61.0000 0.6150
62.0000 0.6098
63.0000 0.6043
64.0000 0.5984
65.0000 0.5922
66.0000 0.5855
67.0000 0.5786
68.0000 0.5714
69.0000 0.5640
70.0000 0.5563
71.0000 0.5484
72.0000 0.5403
73.0000 0.5322
74.0000 0.5239
75.0000 0.5155
76.0000 0.5071
77.0000 0.4987
78.0000 0.4903
79.0000 0.4819
80.0000 0.4737
81.0000 0.4655
82.0000 0.4576
83.0000 0.4498
84.0000 0.4422
85.0000 0.4349
86.0000 0.4278
87.0000 0.4210
88.0000 0.4146
89.0000 0.4085
90.0000 0.4028
91.0000 0.3974
92.0000 0.3925
93.0000 0.3880
94.0000 0.3840
95.0000 0.3805
96.0000 0.3774
97.0000 0.3748
98.0000 0.3727
99.0000 0.3712
100.0000 0.3701
