0.0000 0.0000
1.0000 0.0181
2.0000 0.0380
3.0000 0.0542
4.0000 0.0761
5.0000 0.0905
6.0000 0.1143
7.0000 0.1269
8.0000 0.1527
9.0000 0.1636
10.0000 0.1912
11.0000 0.2005
12.0000 0.2298
13.0000 0.2376
14.0000 0.2685
15.0000 0.2750
16.0000 0.3072
17.0000 0.3124
18.0000 0.3458
19.0000 0.3498
20.0000 0.3842
21.0000 0.3869
22.0000 0.4220
23.0000 0.4236
24.0000 0.4592
25.0000 0.4597
26.0000 0.4954
27.0000 0.4948
28.0000 0.5303
29.0000 0.5287
30.0000 0.5638
31.0000 0.5610
32.0000 0.5954
33.0000 0.5915
34.0000 0.6250
35.0000 0.6198
36.0000 0.6521
37.0000 0.6456
38.0000 0.6765
39.0000 0.6687
40.0000 0.6980
41.0000 0.6886
42.0000 0.7162
43.0000 0.7053
44.0000 0.7311
45.0000 0.7185
46.0000 0.7424
47.0000 0.7280
48.0000 0.7499
49.0000 0.7338
50.0000 0.7537
51.0000 0.7356
52.0000 0.7536
53.0000 0.7336
54.0000 0.7497
55.0000 0.7277
56.0000 0.7419
57.0000 0.7180
58.0000 0.7304
59.0000 0.7046
60.0000 0.7153
61.0000 0.6877
62.0000 0.6967
63.0000 0.6673
64.0000 0.6748
65.0000 0.6439
66.0000 0.6499
67.0000 0.6176
68.0000 0.6222
69.0000 0.5888
70.0000 0.5920
71.0000 0.5576
72.0000 0.5595
73.0000 0.5244
74.0000 0.5250
75.0000 0.4895
76.0000 0.4889
77.0000 0.4532
78.0000 0.4513
79.0000 0.4158
80.0000 0.4126
81.0000 0.3775
82.0000 0.3729
83.0000 0.3385
84.0000 0.3325
85.0000 0.2991
86.0000 0.2916
87.0000 0.2593
88.0000 0.2503
89.0000 0.2195
90.0000 0.2088
91.0000 0.1795
92.0000 0.1672
93.0000 0.1396
94.0000 0.1254
95.0000 0.0997
96.0000 0.0836
97.0000 0.0598
98.0000 0.0418
99.0000 0.0199
100.0000 0.0000
