0.0000 0.0000
1.0000 -978171002540819207003274684217835832793896505857180490252261024809985687480505679317753680857606662857986094667105521727429201134532663964934754216200512721340627681280.0000
2.0000 1953164321663873153510874179203086455881167635394772050032048074399007131827215807073527274252763639176100068738662748850294965146482922118188656032572856861599444500480.0000
3.0000 -2921806959467405404345578599129858459759615955210289598309620208571081141087119472037976929870925420380177829699088241363173997877509837882254024270832691718877171679232.0000
4.0000 3880935722497167245345213048070302175127073513499644924275638191206748378948100377553727658986272899207289268659064978892925090847754431569169647315828993221359204040704.0000
5.0000 -4827403190969561588749513805210908977360828215186063032868933545855356275101573362955700064582994649622706496288933762928808498906610654376598362747432483179763404374016.0000
6.0000 5758084922605682249039140377087531256158224453934788420998717762676192094123623124022495517932745194553860245288782236058824300203975226349965703049517603290547287490560.0000
7.0000 -6669888227848140315780348570998033964434154230028465983459629013388516260130329865092205627303040761528952137661763903462086462778260586947543321253046833540130876162048.0000
8.0000 7559762792193476821637411648850889347151546767266822171510770805427210529454582842392083975166401477343019076336312592401567942844562667205384308876132155042422142795776.0000
9.0000 -8424713348765510506318504462757474521169444052708822800216609791518758777437390392212219438090599707805876326201785500503590824839948765845059070070761440870068381548544.0000
10.0000 9261814522363831151375775073840930168398314437616445755978299495853355248933221970572042303144658459992119175388178141473688657451584789819722760199324588428210774999040.0000
11.0000 -10068227877622283489894628539960230796969039091249756672701722314288501742931552612720965966605258272351649488617682921021204253499275999273065179382157309205129891676160.0000
12.0000 10841221111386180705719237436783258133197054536425558431491192428868052921089573234070558267585690850859057055742733022715601848753202268503667480668494679495883788124160.0000
13.0000 -11578189235866637150005078027633382461171178650701745183656264954050311097613161837898112532571931111634488591244195931126444056167663028046817029449677135706602990469120.0000
14.0000 12276677507485625944352267668818397646053762631963548057380926116391894728134722701642374063567019924655607727859172040651913780315572874828800091780344762225288487632896.0000
15.0000 -12934405769453737664656151633513787694500336127523081377286247185519232317735253636491689795102456234000328392217369342198345919554965690684183076821360613706214777290752.0000
16.0000 13549293796740058725946962140872052012938793942066758207432390331562622312542704815364256274068746919801337657096798763355391088013180158522466388248773659681958750322688.0000
17.0000 -14119487162683196600959984357039180963148762435820868108533544929448981211328188301479493456576292981325064902076119497228637759550457251518051377567242626705667164995584.0000
18.0000 14643383089228011224383369474193166155016452460879149712170765580403831186731080929099580463430126232242883808805890618192076955564609009319940791409771530123613290102784.0000
19.0000 -15119655699459300148287978674538210224526862910543665677429520842224971899291774294351468032824372364449006058937225722654880169641436199374503005755907590499174526746624.0000
20.0000 15547280063123326175580369205701705510036865745554359705686203395523623655630466051718084392610300419226810763151136704027399983867373669153921995603153267391211597987840.0000
21.0000 -15925554414107977767534952347140543885069142890630540576263254085875393130562280194219915782588252433914496461865232134288022985729060938989197544665239073056592760930304.0000
22.0000 16254119923839483887610994122178850515630846854247912508044092293519680047751781109083216688510785991012783978173593826935939933163458031634114112975111936038374769426432.0000
23.0000 -16532977436214929268105114647917452086796641109169545392504783735609402639286276519238686784111166766641255221354763759166477136862449034068213414491667157006775006265344.0000
24.0000 16762500607517703704646696832338597820052621192167388182487320643467524052356799166812934571785966394051462645911917261150521731627737177063812705849290998862939213004800.0000
25.0000 -16943444947803834529166998777296534511418758005603306259657721577714706187058064405563939460257803415384203647705238337662311252115992983621802296980781856797450464919552.0000
26.0000 17076952327138073331507682630971030110488430683034422217413313289057340269213546227118732668907534180086734264158052035040919797868448675578029718824866703201169181769728.0000
27.0000 -17164550589078271520243262939488757939343420509228788934309325430069820919256518045454643056491003429144464701475565241968922509823065632813251859330110726419282674057216.0000
28.0000 17208148002935016047105216623328533760938595032011826803877415382705749484241940258389432684113365706031915164643123314926031569772857769876758232552360630191509267808256.0000
29.0000 -17210022383319257403161276187912445590784948333100582811889704847247399224726602786657506075119185324495504166914424531275402097937031738139644199827633334065908032733184.0000
30.0000 17172804807922084416262972729145551527165393894572004281531398344100112594653713764359787833251661269934812025020541564433801915985240166926957587250296793663966212521984.0000
31.0000 -17099457969850663451516084575560007330247644008302373307290457403165593847168182116377589808676334024872851132391325900336869403420361496572477176411752643241128201551872.0000
32.0000 16993249306661243484342750670774737493392467638008127287957506604805563817556287357821747756642010614541364622515340582572373355374889976767730570554312378125950465867776.0000
33.0000 -16857719152030695947733606025463950281065638193238045278991338688067511719508582718611693418556394610155707991055155313262526458375611213530386893506258818496368660709376.0000
34.0000 16696644255457939499938751403266308141229085420326882258609371858760406046598198975947978755303194879864520875477815828853467036975346714390922003440036311494529829044224.0000
35.0000 -16513997108331585879677681173617765693993165119849597222803799404829779596317956855131220513665762800425713913109607653316941200899091561708349863149320447765352204468224.0000
36.0000 16313901599209623437416132496091664932128399570848401188507130148240100031605193149554150269239405353377778737771643583577930033313334336158926998645939090357568229343232.0000
37.0000 -16100585595565834198254509475579182539271833657239476469124709686238354754149319521502648874481881461566177245168631061832081583075286302320476171832458563329890860400640.0000
38.0000 15878331112191447162127854674722300207185470398737628634091703926214086161533975011072392845723064735889170028630488623438018459443499497549110115072435658306970621837312.0000
39.0000 -15651422776831289503335587216998470807543755074311681578448817039573551325846073000311587892300403604105440459193628847153806056702753962548575742535281923577287312146432.0000
40.0000 15424095340729444893957501045018571628444392716387561356982601860913000544778389339774566715859673265358867645517140929899552974798060984401558453807515717347188555120640.0000
41.0000 -15200481005115048584860601889776637245755222217548144023889120515856260853761554492304395257337980232304679058040478560833234539847406255527023274221165543573831276298240.0000
42.0000 14984557344129986969681530186108685224386248386007560071086518670913612725001568511625276899702312007734757972349363451323217663243927343868729810907906967512777679175680.0000
43.0000 -14780096600417849023865476512506753195211481547636057313619417834857486963077835546530128413993847796451117349170987926975847099630658013834629299013049366707576550457344.0000
44.0000 14590617111944189489110138096992595491126957977480825748856156672704365041682232811045568314596959731990337442800392691543821369905938136390643016833920517881395960348672.0000
45.0000 -14419337598210554169846667898015620063472156617948585798640234000823695741733628686640167121128560871131862374528461090010398067917450577902223935332649065004722158567424.0000
46.0000 14269134991662587660040772922070319529910678230891155281005792146056515886926026508356076468574212741573141525014183261821967353997800819526164536368748442574628692426752.0000
47.0000 -14142506446739728582443970555854279734636662567216388076803462037418991382150697826975450821449943155756998180185556576538795164547030440522388227722751413446806977118208.0000
48.0000 14041536095766612112356177968393210823099311652947511871172440099404933238320423186967974344290551154215051098185218167561225642106848087208591957524692866084980117209088.0000
49.0000 -13967867048942056952454097305250737412396292016518651569307889935321848695904223034928761174320513345063604949842487925942215220477411551894243267180519846482384701620224.0000
50.0000 13922679056316478680363677732124939549738200163475334563494353930533688883127428653982107137562363545503176163802336310163895667939619134731908214193676391551968865157120.0000
51.0000 -13906672164192759505611791436121936799430843935684370550131852488879368003282661297907744245530783131319281169953377320626437328661363736645729359800464205460481777860608.0000
52.0000 13920056608208179393788111404981717247648479185916726526052447501393179547435611886780902743485317758931906787633817501480253930629345561870957547466217299828068052893696.0000
53.0000 -13962549091846849282579540673058979967846352884860842360496951928252126059366545102349832281349518473923136713094148473422372238240950263671382937898133887246831619932160.0000
54.0000 14033375503697120323078678818702292045806448831452916142530591285344861303971837793454986326370432218650641994360461888807237293330544485720254694138836872489142837051392.0000
55.0000 -14131280030813896915605812070712701202725404242107691922805950309153082561666141874181216392113467517430413473677512973583228746601701200082294084734398143927488069238784.0000
56.0000 14254540530475310804526512708029309820734710802430190636585648920226824759892265520333935858498263369948877193646289108122357690301440731115098522862747451265818961117184.0000
57.0000 -14400989929830863637166079436444303528669614388505752209518156010934732466315135019079622724520198097742835340505283499591273156737708165217504650900170780563140379672576.0000
58.0000 14568043333801595258335204836168967663390230705193462905615477151726871792113531799808353668029936252650761097739937065609210860604328898157020147150121754016154652770304.0000
59.0000 -14752730437463018459737627536066372813756775535714497210038025969518629299264129680280426176588296359219823035730415644996124157685975758117200477894557991840473547800576.0000
60.0000 14951732761335448134716788384668862758647363955988407110932403523172420387529993216220979097418489626447056561608388726924440247539058941723394334933212318893398151921664.0000
61.0000 -15161425157788088918233351865294746693618652286371739951562253849742928053070362974978326554389961944737279362390953930975902560623121956657122259738088216186852315496448.0000
62.0000 15377920975330657164494088082350426948236393614031310650000920220740481893439462519582186335601194327624299512217280543617457331902465542438140642934904496481643144413184.0000
63.0000 -15597120216027812280011452630700905947074556290382352656660575672348168099675429864349765380701486711215135991457561226385519461798112476996394064514428790367702266937344.0000
64.0000 15814759980620722248463286981678611471411950488770569694837729462967966718485130509442587670203706265242049387109655696916413498659172661755171447528062768971882937974784.0000
65.0000 -16026466467031645908076136596055282273520540354849358542413230099646046658891370488955172158633856113838214461627680933589502594226641312035536266532914659845154059321344.0000
66.0000 16227807771444135361174792651799803370417189600018251904770102022565762458142628860368377525376236841112449437433730317510091975539369628175397638344096716295375408857088.0000
67.0000 -16414346737579367114653286497773468177953585068851705266436148185497163305410520412072066205060394607955088600062153527933008049549541067051713129433426394097286452871168.0000
68.0000 16581693109385201031829843414877807950313115513230246975969339616118149474570039843082152151749314458808108379077362479672528274996232028127004933436823313312042683727872.0000
69.0000 -16725554265125156997985236946802767130142706482414769496484094600755701936612221225904249728653499133172429034105388138565276234760485530790433130531924407133270345515008.0000
70.0000 16841783846529662698628981345791354472655022019610181215344730775806364553547984181056090590682324982798931082857214491026808310507236160741097578083304138719186072371200.0000
71.0000 -16926427644696709559018550985140320394910050218968859629772878812881052259979626126407869813095813654147444984300311935051599795642044615818976427408459925530068295614464.0000
72.0000 16975766163948736755755341239591255973539266363552793498097352663537171420928283202844593343159535144040250573445398751754317069704105483505458344852459696510432427638784.0000
73.0000 -16986353354722048098188655336394383871932294494527066561368729977788144919020302832367887315092256399579940405590552015381257209486704869490762236779931168133874939068416.0000
74.0000 16955051085353850997166162949549739239762937271224922068777518842258996684089646818180996516067968439194409788523120349128979106306049173413161137145818548594367638011904.0000
75.0000 -16879059008651430913831478513244469141264581374334539375113943822535896664056194156008201375050775159757307042017611581681285622768335787590202490292568432923082468884480.0000
76.0000 16755939570459924313133127398044102104643482236235716984778037939517053809233023590628313673075020828951902304071216492499614954920978173686909680217880810924623085436928.0000
77.0000 -16583638001988745403123570742830501392448415317900021284796434950663188936821220493715016593891908256745941737699706670684462481022706101148572600772396739664419995254784.0000
78.0000 16360497233176449542168938252852915129102043905695269086769462359411760942524214628753379631538329890011256680195352583395497330719401430915657556567025044242341059100672.0000
79.0000 -16085267758564243439777850430441343717270345298361238600063984527442381081501127715921839545936803499539215033118372424948004434560337566109252351945814491502217164488704.0000
80.0000 15757112577695797658932460573577392234054911523436621391309417380816353310538216439393736077309643495862683284939338996772831961004028377063045238222616261204783843508224.0000
81.0000 -15375607416717664801063718540532552323695936811707053438365571880584013322199644842321302862711718193777905171245563832919155976540040916267164308023377103385035722981376.0000
82.0000 14940736514507708376787218055604987932453937558426908011865815692371336991767609242014970704937810400857649135248060575608495148343554447642301657314877090448399273033728.0000
83.0000 -14452884323400826416125674563688890212825995418279505165877765015546264453223092561559047688036366055542646267382097797699886926181633267879047610616528822019215706816512.0000
84.0000 13912823529777855547415223465205021569381855104994901535751091840554518671185999371012633946377392158548376443051932427385264456696153878239618104185441881621853215129600.0000
85.0000 -13321699842129962399475604414863607271598034851999902191793994325761647072233160533748626530514813212899579961969635533180726656974041173617147706169539325189261740736512.0000
86.0000 12681014022784076259021657863486579439247728890015703938946849162520091571558890925553608799069673786219665489116800681196014705740151034488667319963979509758365379067904.0000
87.0000 -11992601653770149104671259038744346643419502538368187993702234489444215351385340585263947355609406861476148633079405534702765486920504355170741846070936066948743401832448.0000
88.0000 11258611127266741473336222919617731914915581821286049689294367667500421608636086203901582864640638951342122944621508729540540283586851235992579866748934512174177678524416.0000
89.0000 -10481480337067933087012425433545642266331192192326671837368398903926011926563728476294255110636864478434324119104577000305962972591102010045841937269861513745233529012224.0000
90.0000 9663912520408618691041162365424631580912307957451074155200472715637116330747464492033618679343138142707758829333544633564053339410004963283483145643202933598531857940480.0000
91.0000 -8808851660526641270301163609344934694358635444882344070923507074607861634833722070858030209090683313298010542014180137579511501901939690523778763543735162823870322311168.0000
92.0000 7919457811173925588650432469903783801333421157530224223363177355770283180105573793009910927358469950638717825015907400684358314611269862779278616117627765112561593221120.0000
93.0000 -6999082646893000363144879098912889115186103089884751418317104714467936750344813596299827191663900170749183684654465938376718403782726216380449925992556425162562704769024.0000
94.0000 6051245479494650195500192715525023649509423226190692865888201849104639228904001981328925807790759785081749581109784564740522700317491246156395272907954837257722456440832.0000
95.0000 -5079609914243759238609764898073439522260183306658362048050821992928588088262829788295413259115964935949406049189064415695201186973843097444342268613255641225125496356864.0000
96.0000 4087961251327356405161813277343771566300726800058434568798020188437762092009128715563774094694577681329272842991678171395918711704594709364792317585628991878839054368768.0000
97.0000 -3080184671803766812664731957603215396062655575115142212643273440749502547926972771930885775723956504436842191966401876742083974263996459385506360610451577676255589302272.0000
98.0000 2060244184905433186940294248598454008352558550947755082122966787651216336002994286542477108521022328054035607159606537075523607787292600372696287952793919442509753221120.0000
99.0000 -1032162257620893827913514575131715768121272260596004483477470034772341852874477847297714464598941272823506641779495496835565492751866989992995405258349952902777433751552.0000
100.0000 0.0000
