0.0000 1.0000
1.0000 0.9643
2.0000 0.9288
3.0000 0.8933
4.0000 0.8582
5.0000 0.8231
6.0000 0.7887
7.0000 0.7543
8.0000 0.7208
9.0000 0.6874
10.0000 0.6551
11.0000 0.6228
12.0000 0.5919
13.0000 0.5610
14.0000 0.5317
15.0000 0.5024
16.0000 0.4748
17.0000 0.4471
18.0000 0.4213
19.0000 0.3955
20.0000 0.3716
21.0000 0.3477
22.0000 0.3257
23.0000 0.3037
24.0000 0.2836
25.0000 0.2635
26.0000 0.2454
27.0000 0.2272
28.0000 0.2109
29.0000 0.1946
30.0000 0.1801
31.0000 0.1656
32.0000 0.1527
33.0000 0.1399
34.0000 0.1287
35.0000 0.1174
36.0000 0.1077
37.0000 0.0979
38.0000 0.0895
39.0000 0.0810
40.0000 0.0738
41.0000 0.0666
42.0000 0.0605
43.0000 0.0544
44.0000 0.0492
45.0000 0.0441
46.0000 0.0398
47.0000 0.0355
48.0000 0.0319
49.0000 0.0283
50.0000 0.0254
51.0000 0.0225
52.0000 0.0201
53.0000 0.0177
54.0000 0.0158
55.0000 0.0138
56.0000 0.0123
57.0000 0.0107
58.0000 0.0095
59.0000 0.0083
60.0000 0.0073
61.0000 0.0063
62.0000 0.0056
63.0000 0.0048
64.0000 0.0042
65.0000 0.0036
66.0000 0.0032
67.0000 0.0027
68.0000 0.0023
69.0000 0.0020
70.0000 0.0017
71.0000 0.0015
72.0000 0.0013
73.0000 0.0011
74.0000 0.0009
75.0000 0.0008
76.0000 0.0007
77.0000 0.0006
78.0000 0.0005
79.0000 0.0004
80.0000 0.0003
81.0000 0.0003
82.0000 0.0002
83.0000 0.0002
84.0000 0.0002
85.0000 0.0001
86.0000 0.0001
87.0000 0.0001
88.0000 0.0001
89.0000 0.0001
90.0000 0.0001
91.0000 0.0000
92.0000 0.0000
93.0000 0.0000
94.0000 0.0000
95.0000 0.0000
96.0000 0.0000
97.0000 0.0000
98.0000 0.0000
99.0000 0.0000
100.0000 0.0000
