0.0000 -11686438921293868602907025153434868837767379631004304844939350412326288541918556663934507962693560734684082851604392838873074724480425675456022974537444617195325028940308375636402391495894621494223134904801480299827913453357444211146752.0000
1.0000 -11686438921293738698264924575430009178760638218122590682659405239760153105429736980018311347562565064483717071024532177571261803416583081784367144131461026373882958540787479819782183290953075153147800240439205006989377426969047387340800.0000
2.0000 35020500247451411422670659455958434208796399984029516922799046908083999622307962849276607426948062511870734318630468343767804348661587509364399862701535878450205161235754401145799083425063885103084950727143143025432848798253291988320256.0000
3.0000 -58238112236837742649978256343803112004084989118661719988550347582323301672396312274900010534776807095321202537645261736241314254084529233363344314361835834857543279830468012812393029329897832422001630714405112183026814022769555659554816.0000
4.0000 81261650538263417752708730413598969817669926584051306278935009462917386487324947133220255015615005516691097881209003335031736315168810978107406209447474755183996071465415697621401800309148450267276715186059289537296760712836152773574656.0000
5.0000 -104013530726278378547422093412531752691503059565148404228790002284141636195492577466443896717025778769199590476683250871030264554649107902479602187411803042940310232992216599693315638589081362782089282304594834689890676848350390162292736.0000
6.0000 126416277451332122043264855334127558820374187892509098269744455578460026803003677881712481391495095135286020877958289412822081123131150848741845173026719748734775009138164027904188810396000488540059484836060725379585750288066447893594112.0000
7.0000 -148392644351475113544033396318318677615904881581184622710240635568233970789558259450622051050562842554488659020212291232520158657116808188923906963147819140056722324030128734018530723548082063970204924835406521606845253736669479023149056.0000
8.0000 169865795864209408730342110591081713339299203122865136833544397436020946348446744752488520261462801955892882867190893797820620793434139257737497674146731464067043303044021791217483339730571901443676365222043792070338405481313739317706752.0000
9.0000 -190759559707853744810682270743934606091488645183820681375118348475645106145209783323724951964837317827439406836504912303929824931949566344439088233798157069668907952611605451657440233832830754005950549892441353132031470451812424258420736.0000
10.0000 210998756070916324205506198843465510285593356480180147950648995425990657164343192047629668974758065172305652381559876033971749356991322052239986295369817493770926318310339855703622989444283676814144263285361959549720142072245805536772096.0000
11.0000 -230509606545516883959661466130270744668737739454497575907645038196445584758768587225046449682705825622157480747869550919667101353716158456930266461189941845979826024257166972537730967335503128916074446263030051812245468814531122549489664.0000
12.0000 249220222665631993876139710796673091056941452936184974906519736005565048857855999940228004519701760691035124716450509883658042606008467530536757147370051647267467792784583785978168283454214454415742409995140030409434703362004176846454784.0000
13.0000 -267061170667029833427560155063670266585843501602349429999811841298304618410003069549582123371576059160225387891444595695700634724333726663601158772419928929838285331235493046895351005946647691654569071273131071392263092891686254216740864.0000
14.0000 283966105879274623519121065535693924194617182706418079019331379871279438856672335622311677124281939586935139493106617555452023181800920168832117891730218199415508396608129689208789985275684959903485487292500538704230953374668588146753536.0000
15.0000 -299872467095561031555041451785546522871454453781136914183009805099558441931454591560189615976660606853523011751836162044573280795197076389979351751642287773588192765665936493761076124908748206316127419421619449418754641763856023585554432.0000
16.0000 314722218442725520841035864870025703452930501925153013931629122983050442137688310486352826949148821944333475543790304150619010350025998436676961805385164136684994135394382194593915323540263410789856875938032377253749468100494812453535744.0000
17.0000 -328462623782610166545380402211434367573996810028910044830306117066299711336236989068141288662908982657831089244781629457735346660016462341189222296692923059486168716831227978481749979354912066610200542851466337384933277290537504198361088.0000
18.0000 341047036596803779008490155270761298952860055403160477957880054269812633329603363366918751268440952187686660519710680135706827887206017847640319087263002646963136557632270100967392941931223992565661763179127384640214845506003798643965952.0000
19.0000 -352435686705705897694747154063544838347201406467720688095178822902502427248434909571299816184323805105965085690456287543689848861801053638952024896979257839207478538788738505911490056757160933346695311786978620609113081379041748992393216.0000
20.0000 362596444100191992427409356272515884527508523361039113934872615432270040079052762773788089628776302300354026743554720776589236091843880221417528967764318325009575761022860747376602549928226062998621768829490523832962243408916001406844928.0000
21.0000 -371505539653099655704085540154792751812907283631751720867550736967092496521438838293656567499430794501622799992131704237151083315138668651059616244040206180912775336469233952268170752347576179711401249002650085665251819659241691906310144.0000
22.0000 379148222543621832226034620716202552078407063155152273240443753204176577510646853476916430047471892009190668611261693841312459013565490312647892109990742546233299569039872283659401867904317079959403383590745948701225764197925847799169024.0000
23.0000 -385519334867703798106255155112435571068231316671266181329407399672053386965811949579803561406031298854158090076398683555711952791174474978320504307542629087390305434711565863535386425686957335318308361451356902325975965500255771610316800.0000
24.0000 390623785101364850520546079206244746218128763856963618042534222003275832731430422629421878012227331422453565461839547573765627873959235139482992750887056163840515275291531991010738497504823256719310402875246042617878102999966978228092928.0000
25.0000 -394476903794659921647765419257745362915379436473486588936182666713683597819111489840784324964911843021138514578423774372987196107651804343027505881357109124545246275999220386634953891457995998085396180308355874913687749026148400043655168.0000
26.0000 397104667050043856181774522185922048159562388885769672012790984002986735704292359599315480017562306718423213066314970370835955224125918410765454821456042446194386467012262650217947073156749798560663033987899913517332901984005993585967104.0000
27.0000 -398543775915757710213416364107412586407962509193144070229471480816452776781445889770676398333276632169536182584154007481176993124952976344925389591155809882793228898649630560306276081679249109348689224587971997052628082196451560471396352.0000
28.0000 398841582727744646013581115182736022699482235045313710039346851102887630528690050111946247345313286809388836785369216411430752807765845770182757515836449892217967993137099040831018451941908745832261603390612004688035984008808625061494784.0000
29.0000 -398055858580282103613576345891613761176114280676591313101265818322249553120001349117474026253690589891677245492588856064461477651721445532494881452509524670045413107363308445218647788594308702749738250577786883977061595684083088207380480.0000
30.0000 396254399409110406546090311249112966383567756956606649676921089835460484051169032441106473128544295884613881302870966084724246333190608461359087099886180059943052945987256742015804719257241149862430418915581408517641859952341179277770752.0000
31.0000 -393514471542827291472310594712811493909454892683506524117982599651660681496251093095289153310984156865210984181352622725760863665549579189610830617403326345720209688053971588357350336854562916679854950772196694715657166946543182836400128.0000
32.0000 389922100931456642095428520654378463050966386778351122448695469934750332234038969451610541749892026546217743115787054662492221153542681930947737281000562032953304761959348750064881442137781636466663991676191597954285335498357417780969472.0000
33.0000 -385571213512011768630920739896958947836940804439388796477969077842822919472115073009129634577245219778982679178714246545927542308157689023336465334908047844523730526331434045995039207522931262628228724528256467141091137706507037938024448.0000
34.0000 380562637242604750715971026818081643840298642776065842139658533269598872805642046094460021378574198924464083578641354836900183738270099266600819675910038522908461485719220280434239606383978316496377623414490192783285372681378556933046272.0000
35.0000 -375002979160536918680055512815778088371541913897763629493083739296590174643156964268471090819105925845665485512166997773886410851609840527011852153594935516835070803187416170378849766620048736170913830614812671000590731072081743979741184.0000
36.0000 369003393337240033027234053267920479364766028533605010830542513244458921236794106041525255124636617008487360760725521113169055652811617842544332691029421912628679529918542853057440493491239414564115904828566708407188779596132682009935872.0000
37.0000 -362678257766359555441911847127517122118771909215114105914720676202984050879286534746011741761821491911545957994451469508411263483565345274740339226916880135277379871498935806918735892899424580267691824005903407406947246671031098947928064.0000
38.0000 356143779994929428406756213776593387624180060319890657794031804238296192184264852448114270310900019344787586439838222246849481690841745827990021450252768907296734114036978412969096937135536219357000163599092858000774642802486604118097920.0000
39.0000 -349516552667562008988911567199933474184822396286590624203035948361387303147772457416785742551402409269116810855205206663272947039742286320402105367740234703900530701823908942296371316677086487004290533170303529325203602546136093984555008.0000
40.0000 342912081087599538135129258804697491874619174534806982368456461525163189172159347695303734787811560126025514836933896445541252636400984540816047766284444086068293434848939290070366240177609284419886697454191325537118124782967638791815168.0000
41.0000 -336443305405785409872504359163296039981468994926230526650617403384207513169592911174217997601084993472951858334909278278444301969204600744029135363410723750253657616955673256629450640099031801246802422758218095687769956370736584106967040.0000
42.0000 330219140134611074178113245182749416129998213645239228792728296099315813609898763752810398019997628314647731409324308517392977282199161707107881925632088820443735285104105456958014779962263112426629921652633515591549188425520745203892224.0000
43.0000 -324343053371919178523243075226286343665411171253927711923379292950141237363364771641617254833367228548351226941305486022258968167627685536776909521152668347180738217837818230965562185404442466170757104429719308680960450461264963658842112.0000
44.0000 318911707424455371639994233840730920207363139198749176142967831501198064187995905856778513750606735602630570880865420541241261643193244041699789686652993524901366677451349658761962553157024263999921157546038328688497934180332356530864128.0000
45.0000 -314013681480099899428284493939697447997930563110540623925868808239566592314648858407537534631736893204372471066119854614294019564433005379734371488132824124214997625494065420316066872409598947335381709528104873408653708592117138359058432.0000
46.0000 309728295619577408032743183781119872861714939165522815970168145328820164258718189764473527710429283043972247067936368079435560872549101395666517265893320492061430557868543779595976444738215656964848527992124868553294998202702018155380736.0000
47.0000 -306124553820003742475792926162632056338190921558425108410687508460810939394534610676897239736764065552996313290329911720488550992726476941215602355894278398046284192581686791548455325577629885377447607002477521702855510234924596852686848.0000
48.0000 303260221720193328425839036971742429164398593870108233042695501362334206524262893292759646331641414281106414892223482386760732675055269246645930085078781989341760117962012917053529990901296488813865116756940830624022229388006858071998464.0000
49.0000 -301181052827761154070013226709814851882901970025154039865959273238571368871564725682843345668978905202124715746335732254972575558892511054481339187834608247482541117585399189358943337343705633416579145157328276279514911866047847402045440.0000
50.0000 299920174586372522815063071018408524328677971057727158943704719298983863116343269671969430475402301374554723575448047136592541172039840722556045135181827915377666691002339491068665030778061449089833439614504941196417579907920020363018240.0000
51.0000 -299497643322386803008033736970777514088472354498460107112800935473044339217809459638067193019980846757341015858040755545888710053847919380653909649682557015296452146950468365257303849340560104888266787317648132103179947100026462814601216.0000
52.0000 299920174586372567999286410349888475514419446331772972565367308924224258050774163475070716254578299868537459499127998670958389144583785972528794989236083077402516106793477193961402494501519378251946599497761384776535331569272506214776832.0000
53.0000 -301181052827761154070013226709814851882901970025154039865959273238571368871564725682843345668978905202124715746335732254972575558892511054481339187834608247482541117585399189358943337343705633416579145157328276279514911866047847402045440.0000
54.0000 303260221720193328425839036971742429164398593870108233042695501362334206524262893292759646331641414281106414892223482386760732675055269246645930085078781989341760117962012917053529990901296488813865116756940830624022229388006858071998464.0000
55.0000 -306124553820003742475792926162632056338190921558425108410687508460810939394534610676897239736764065552996313290329911720488550992726476941215602355894278398046284192581686791548455325577629885377447607002477521702855510234924596852686848.0000
56.0000 309728295619577498401189862444079775233197889713614443213493324579300954127579977370676099268781280031937718915296271148167256817636991895612016974001830816111129389450819185381451372185131515289074847758637755713530501525406989858897920.0000
57.0000 -314013681480099899428284493939697447997930563110540623925868808239566592314648858407537534631736893204372471066119854614294019564433005379734371488132824124214997625494065420316066872409598947335381709528104873408653708592117138359058432.0000
58.0000 318911707424455462008440912503690822578846089746840803386293010751678854056857693462981085308958732590596042728225323609972957588281134541645289394761503848951065509033625064547437480603940122324147477312551215848733437503037328234381312.0000
59.0000 -324343053371919223707466414557766294851152646527973525545041882575381632297795665444718540612543227042333962864985437556624816140171630786749659375206923509205587633628955933858299649127900395332870264312975752261078202122617449510600704.0000
60.0000 330219140134611119362336584514229367315739688919285042414390885724556208544329657555911683799173626808630467333004260051758825254743106957080631779686343982468584700895243159850752243685721041588743081535889959171666940086873231055650816.0000
61.0000 -336443305405785455056727698494775991167210470200276340272279993009447908104023804977319283380260991966934594258589229812810149941748545994001885217464978912278507032746810959522188103822489730408915582641474539267887708032089069958725632.0000
62.0000 342912081087599538135129258804697491874619174534806982368456461525163189172159347695303734787811560126025514836933896445541252636400984540816047766284444086068293434848939290070366240177609284419886697454191325537118124782967638791815168.0000
63.0000 -349516552667562099357358245862893376556305346834682251446361127611868093016634245022988314109754406257082282702565109732004642984830176820347605075848745027950229533406184348081846244124002345328516852936816416485439105868841065688072192.0000
64.0000 356143779994929428406756213776593387624180060319890657794031804238296192184264852448114270310900019344787586439838222246849481690841745827990021450252768907296734114036978412969096937135536219357000163599092858000774642802486604118097920.0000
65.0000 -362678257766359645810358525790477024490254859763205733158045855453464840748148322352214313320173488899511429841811372577142959428653235774685838935025390459327078703081211212704210820346340438591918143772416294567182749993736070651445248.0000
66.0000 369003393337240033027234053267920479364766028533605010830542513244458921236794106041525255124636617008487360760725521113169055652811617842544332691029421912628679529918542853057440493491239414564115904828566708407188779596132682009935872.0000
67.0000 -375002979160536918680055512815778088371541913897763629493083739296590174643156964268471090819105925845665485512166997773886410851609840527011852153594935516835070803187416170378849766620048736170913830614812671000590731072081743979741184.0000
68.0000 380562637242604705531747687486601692654557167502020028517995943644358477871211152291358735599398200430481347654961403302534335765726154016628069821855783360883612069928082577541502142660520387334264463531233749203167621020026071081287680.0000
69.0000 -385571213512011768630920739896958947836940804439388796477969077842822919472115073009129634577245219778982679178714246545927542308157689023336465334908047844523730526331434045995039207522931262628228724528256467141091137706507037938024448.0000
70.0000 389922100931456642095428520654378463050966386778351122448695469934750332234038969451610541749892026546217743115787054662492221153542681930947737281000562032953304761959348750064881442137781636466663991676191597954285335498357417780969472.0000
71.0000 -393514471542827427024980612707251347466679318505643964982970368527381866299543774504593010648512152347159191952392477328858407583181414939529080179566091831794757935427384697035562728024936704166194430421966025456010421930600640391675904.0000
72.0000 396254399409110496914536989912072868755050707504698276920246269085941273920030820047309044686896292872579353150230869153455942278278498961304586807994690383992751777569532147801279646704157008186656738682094295677877363275046150981287936.0000
73.0000 -398055858580282329534693042549013517104821657046820381209578766448451527792155818132980455149570582361590925110988613736290717514441171782358630722780800480169660186318996959682335107211598348560304049994069101877650353990845517466173440.0000
74.0000 398841582727744691197804454514215973885223710319359523661009440728128025463120943915047533124489285303371572709049167945796600780309791020155507369890705054242817408928236743723755915665366674994374763273868448268153735670161110913253376.0000
75.0000 -398543775915757890950309721433332391150928410289327324716121839317414356519169464983081541449980626145467126278873813618640385015128757344816389007372830530892626561814181371877225936573080825997141864120997771373099088841861503878430720.0000
76.0000 397104667050043991734444540180361901716786814707907112877778752878707920507585041008619337355090302200371420837354824973933499141757754160683704383618807932268934714385675758896159464327123586047002513637669244257686156968063451141242880.0000
77.0000 -394476903794660102384658776583665167658345337569669843422833025214645177556835065053189468081615836997069458273143580510450587997827585342918505297574129772644643939163771198205903746351827714733848819841381649234158755671558343450689536.0000
78.0000 390623785101365166810109454526604404518319090775284313394172349379958597272446679251130878466459320880332716927599208314326563681766851889292241729266842298014461185829495911259900743569028760854102522058041147678702364629434379190403072.0000
79.0000 -385519334867704069211595191101315278182680168315541063059382937423495756572397312398411276081087289818054505618478392761907040626438146478157003431868160059539401929458392080891811208027704910290987320750895563806682475468370686720868352.0000
80.0000 379148222543622238884044674699522112750080340621564595835407059831340131920524897704828002060055878455035291924381257650605090766460997562402640796479039004456944311160111609694039041415438442418421822540053940922285529150098220464996352.0000
81.0000 -371505539653100062362095594138112312484580561098164043462514043594256050931316882521568139512014780947467423305251268046443715068034175900814364930528502639136420078589473278302807925858697542170419687951958077886311584611414064572137472.0000
82.0000 362596444100192399085419410255835445199181800827451436529835922059433594488930807001699661641360288746198650056674284585881867844739387471172277654252614783233220503143100073411239723439347425457640207778798516054022008361088374072672256.0000
83.0000 -352435686705706259168533868715384447833133208660087197068479539904425586723882059996110102417731793057826973079895899818616632642152615638734023729413299135406273865117840129053389766544824366643600590853030169250055094669861635806461952.0000
84.0000 341047036596804050113830191259641006067308907047435359687855592021255002936188726185526465943496943151583076061790389341901915722469689347476818211588533619112233052379096318323817724271971567538340722478666046120921355474118713754517504.0000
85.0000 -328462623782610437650720438200314074688445661673184926560281654817742080942822351886749003337964973621727504786861338663930434495280133841025721421018454031635265211578054195838174761695659641582879502151004998865639787258652419308912640.0000
86.0000 314722218442725791946375900858905410567379353569427895661604660734492811744273673304960541624204812908229891085870013356814098185289669936513460929710695108834090630141208411950340105881010985762535835237571038734455978068609727564087296.0000
87.0000 -299872467095561257476158148442946278800161830151365982291322753225760416603609060575696044872540599323436691370235919716402520657916802639843101021913563583712439844621625008224763443526037852126693218837901667319343400070618452844347392.0000
88.0000 283966105879274804256014422861613728937583083802601333505981738372241018594395910834716820240985933562866083187826423692915415071976701168723117307947238847514906059772680500779739840169516676551938126825526313024701960020078531553787904.0000
89.0000 -267061170667029968980230173058110120143067927424486870864799610174025803213295750958885980709104054642173595662484450298798178641965562413519408334582694415912833578608906155573563397117021479140908550922900402132616347875743711772016640.0000
90.0000 249220222665632174613033068122592895799907354032368229393170094506526628595579575152633147636405754666966068411170316021121434496184248530427756563587072295366865455949134597549118138348046171064195049528165804729905710007414120253489152.0000
91.0000 -230509606545517064696554823456190549411703640550680830394295396697407164496492162437451592799409819598088424442589357057130493243891939456821265877406962494079223687421717784108680822229334845564527085796055826132716475459941065956524032.0000
92.0000 210998756070916550126622895500865266214300732850409216058961943552192631836497661063136097870638057642219331999959633705800989219711048302103735565641093303895173397266028370167310308061573322624710062701644177450308900379008234795565056.0000
93.0000 -190759559707853948139687297735594386427325283917026842672600001789226883350148805437680737971129311050361718493064694208576140808397319969316462577042305298780730323671725114674758820588391435235459769367095349242561352927898610591334400.0000
94.0000 169865795864209566875123798251261542489394366582025484509363461124362328618954873063343020488578796684832458600070724168101088697337947632642122163336624531154016258313003751342064462762674653511072424813441344600750536296047439798861824.0000
95.0000 -148392644351475249096703414312758531173129307403322063575228404443955155592850940859925908388090838036436866791252145835617702574748643938842156525310584626131270571403541842696743114718455851456544404485175852347198508720726936578424832.0000
96.0000 126416277451332257595934873328567412377598613714646539134732224454181211606296359291016338729023090617234228648998144015919625040762986598660094735189485234809323256511577136582401201566374276026398964485830056119939005272123905448869888.0000
97.0000 -104013530726278514100092111406971606248727485387285845093777771159862820998785258875747754054553774251147798247723105474127808472280943652397851749574568529014858480365629708371528029759455150268428761954364165430243931832407847717568512.0000
98.0000 81261650538263542009322913575168835578458983587677293738507130932328472557009905091748790908349001375143621671328870054537818239664660415532468308096676450752331964891044380576429825548657755463087904865014509382620577781555488865910784.0000
99.0000 -58238112236837866906592439505372977764874046122287707448122469051734387742081270233428546427510802953773726327765128455747396178580378670788406413011037530425879173256096695767421054569407137617812820393360332028350631091488891751890944.0000
100.0000 35020500247451535679284842617528299969585456987655504382371168377495085691992920807805143319682058370323258108750335063273886273157436946789461961350737574018541054661383084100827108664573190298896140406098362870756665866972628080656384.0000
