0.0000 0.0000
1.0000 0.0000
2.0000 0.0000
3.0000 0.0000
4.0000 0.0000
5.0000 0.0000
6.0000 0.0000
7.0000 0.0000
8.0000 0.0000
9.0000 0.0000
10.0000 0.0000
11.0000 0.0000
12.0000 0.0000
13.0000 0.0001
14.0000 0.0003
15.0000 0.0010
16.0000 0.0026
17.0000 0.0065
18.0000 0.0145
19.0000 0.0297
20.0000 0.0558
21.0000 0.0970
22.0000 0.1567
23.0000 0.2360
24.0000 0.3332
25.0000 0.4429
26.0000 0.5571
27.0000 0.6668
28.0000 0.7640
29.0000 0.8433
30.0000 0.9030
31.0000 0.9442
32.0000 0.9703
33.0000 0.9855
34.0000 0.9935
35.0000 0.9974
36.0000 0.9990
37.0000 0.9997
38.0000 0.9999
39.0000 1.0000
40.0000 1.0000
41.0000 1.0000
42.0000 1.0000
43.0000 1.0000
44.0000 1.0000
45.0000 1.0000
46.0000 1.0000
47.0000 1.0000
48.0000 1.0000
49.0000 1.0000
50.0000 1.0000
51.0000 1.0000
52.0000 1.0000
53.0000 1.0000
54.0000 1.0000
55.0000 1.0000
56.0000 1.0000
57.0000 1.0000
58.0000 1.0000
59.0000 1.0000
60.0000 1.0000
61.0000 1.0000
62.0000 1.0000
63.0000 1.0000
64.0000 0.9999
65.0000 0.9997
66.0000 0.9990
67.0000 0.9974
68.0000 0.9935
69.0000 0.9855
70.0000 0.9703
71.0000 0.9442
72.0000 0.9030
73.0000 0.8433
74.0000 0.7640
75.0000 0.6668
76.0000 0.5571
77.0000 0.4429
78.0000 0.3332
79.0000 0.2360
80.0000 0.1567
81.0000 0.0970
82.0000 0.0558
83.0000 0.0297
84.0000 0.0145
85.0000 0.0065
86.0000 0.0026
87.0000 0.0010
88.0000 0.0003
89.0000 0.0001
90.0000 0.0000
91.0000 0.0000
92.0000 0.0000
93.0000 0.0000
94.0000 0.0000
95.0000 0.0000
96.0000 0.0000
97.0000 0.0000
98.0000 0.0000
99.0000 0.0000
100.0000 0.0000
