0.0000 0.0000
1.0000 0.0156
2.0000 0.0313
3.0000 0.0470
4.0000 0.0630
5.0000 0.0792
6.0000 0.0957
7.0000 0.1125
8.0000 0.1296
9.0000 0.1472
10.0000 0.1652
11.0000 0.1837
12.0000 0.2026
13.0000 0.2221
14.0000 0.2420
15.0000 0.2624
16.0000 0.2832
17.0000 0.3045
18.0000 0.3262
19.0000 0.3482
20.0000 0.3706
21.0000 0.3932
22.0000 0.4161
23.0000 0.4391
24.0000 0.4622
25.0000 0.4853
26.0000 0.5083
27.0000 0.5312
28.0000 0.5538
29.0000 0.5762
30.0000 0.5982
31.0000 0.6197
32.0000 0.6407
33.0000 0.6611
34.0000 0.6808
35.0000 0.6998
36.0000 0.7179
37.0000 0.7352
38.0000 0.7515
39.0000 0.7668
40.0000 0.7811
41.0000 0.7943
42.0000 0.8064
43.0000 0.8173
44.0000 0.8269
45.0000 0.8354
46.0000 0.8426
47.0000 0.8485
48.0000 0.8531
49.0000 0.8564
50.0000 0.8584
51.0000 0.8590
52.0000 0.8584
53.0000 0.8564
54.0000 0.8531
55.0000 0.8485
56.0000 0.8425
57.0000 0.8353
58.0000 0.8269
59.0000 0.8172
60.0000 0.8063
61.0000 0.7942
62.0000 0.7810
63.0000 0.7667
64.0000 0.7513
65.0000 0.7350
66.0000 0.7177
67.0000 0.6995
68.0000 0.6805
69.0000 0.6607
70.0000 0.6402
71.0000 0.6191
72.0000 0.5974
73.0000 0.5753
74.0000 0.5527
75.0000 0.5298
76.0000 0.5067
77.0000 0.4834
78.0000 0.4600
79.0000 0.4366
80.0000 0.4131
81.0000 0.3898
82.0000 0.3666
83.0000 0.3436
84.0000 0.3209
85.0000 0.2985
86.0000 0.2763
87.0000 0.2545
88.0000 0.2331
89.0000 0.2120
90.0000 0.1913
91.0000 0.1709
92.0000 0.1509
93.0000 0.1313
94.0000 0.1119
95.0000 0.0928
96.0000 0.0740
97.0000 0.0553
98.0000 0.0368
99.0000 0.0184
100.0000 0.0000
