0.0000 1.0000
1.0000 0.9540
2.0000 0.9081
3.0000 0.8626
4.0000 0.8175
5.0000 0.7730
6.0000 0.7292
7.0000 0.6863
8.0000 0.6444
9.0000 0.6035
10.0000 0.5639
11.0000 0.5256
12.0000 0.4887
13.0000 0.4532
14.0000 0.4192
15.0000 0.3867
16.0000 0.3559
17.0000 0.3266
18.0000 0.2989
19.0000 0.2729
20.0000 0.2484
21.0000 0.2256
22.0000 0.2042
23.0000 0.1844
24.0000 0.1660
25.0000 0.1491
26.0000 0.1335
27.0000 0.1192
28.0000 0.1061
29.0000 0.0942
30.0000 0.0834
31.0000 0.0736
32.0000 0.0647
33.0000 0.0568
34.0000 0.0497
35.0000 0.0433
36.0000 0.0377
37.0000 0.0327
38.0000 0.0283
39.0000 0.0244
40.0000 0.0209
41.0000 0.0179
42.0000 0.0153
43.0000 0.0130
44.0000 0.0111
45.0000 0.0094
46.0000 0.0079
47.0000 0.0066
48.0000 0.0056
49.0000 0.0047
50.0000 0.0039
51.0000 0.0032
52.0000 0.0027
53.0000 0.0022
54.0000 0.0018
55.0000 0.0015
56.0000 0.0012
57.0000 0.0010
58.0000 0.0008
59.0000 0.0007
60.0000 0.0005
61.0000 0.0004
62.0000 0.0003
63.0000 0.0003
64.0000 0.0002
65.0000 0.0002
66.0000 0.0001
67.0000 0.0001
68.0000 0.0001
69.0000 0.0001
70.0000 0.0001
71.0000 0.0000
72.0000 0.0000
73.0000 0.0000
74.0000 0.0000
75.0000 0.0000
76.0000 0.0000
77.0000 0.0000
78.0000 0.0000
79.0000 0.0000
80.0000 0.0000
81.0000 0.0000
82.0000 0.0000
83.0000 0.0000
84.0000 0.0000
85.0000 0.0000
86.0000 0.0000
87.0000 0.0000
88.0000 0.0000
89.0000 0.0000
90.0000 0.0000
91.0000 0.0000
92.0000 0.0000
93.0000 0.0000
94.0000 0.0000
95.0000 0.0000
96.0000 0.0000
97.0000 0.0000
98.0000 0.0000
99.0000 0.0000
100.0000 0.0000
