0.0000 1.0000
1.0000 -259785810573988328114369683988712691695984678424120742560859693252608.0000
2.0000 517761119053339829184750837080091517666997738638189177965519405318144.0000
3.0000 -772136411160433689153441749462796465035375506233326593628837792186368.0000
4.0000 1021163808312565691903830951926287708731950835261542861210425992675328.0000
5.0000 -1263157042686719887240852059939865519964573864865191557492111814164480.0000
6.0000 1496510440548317271435983979516488693851138232019036042045982716723200.0000
7.0000 -1719716615405243401116328393611604666017752668276790322574143967461376.0000
8.0000 1931382599049739804943780691179133643688116687959390592375409304666112.0000
9.0000 -2130244170405005861616752420034645711121673143110976113595369832579072.0000
10.0000 2315178178508394542481799038232304202831652807645319570626852495032320.0000
11.0000 -2485212696041628116861726089032532041184880599475773587048818511183872.0000
12.0000 2639534882584153092918406928874038837045109258035445735457822968119296.0000
13.0000 -2777496481191519954355982732611704944234817413321887826824150812459008.0000
14.0000 2898616916937431528878972581721317490511785626265649490302850792685568.0000
15.0000 -3002584010663989484897677375917765285392127569593824633982659084681216.0000
16.0000 3089252364353757555477910113614038873267449706547606427018410651025408.0000
17.0000 -3158639515325303972963468475897894979734751458020992235092430175600640.0000
18.0000 3210919994003399754723373716332008075633767465437329184141354381344768.0000
19.0000 -3246417453575216071011996377683053260435402453177259435526768191078400.0000
20.0000 3265595068788291871976906564106697149229570357635376114573954613510144.0000
21.0000 -3269044424985078472162400780669408043588218931518778331767590963118080.0000
22.0000 3257473136858403189318486377701906365792998164987077475326924383322112.0000
23.0000 -3231691449156933158818207343382563057804718425814731582556896472596480.0000
24.0000 3192598078623139979004850136652289281449969910313868337699390863966208.0000
25.0000 -3141165557904736868422126864923309957411386008300864505688764702523392.0000
26.0000 3078425338274930382047113771713700641753573130374585066603002562871296.0000
27.0000 -3005452899079850562687347304567903816126697317547485763949104273031168.0000
28.0000 2923353098361704802739483703887289887690728131634230588564359390167040.0000
29.0000 -2833245981630952898973458753521937511161051225917643550145758862770176.0000
30.0000 2736253244896226851215291898335550080127702819332209154572933562105856.0000
31.0000 -2633485524471397069766612560043335263872287248526101668144025333399552.0000
32.0000 2526030660457843496103434798109398693833088146986415965988612323934208.0000
33.0000 -2414943053846607986962687645847285329184393034071291908021028174954496.0000
34.0000 2301234209588362905736769534763679253323048306612885032904051189088256.0000
35.0000 -2185864530398146961183224588795504989102175102178660987938648453283840.0000
36.0000 2069736399110888405640234742676700022037412656276708432120610398666752.0000
37.0000 -1953688561638664768475766052271012745588915890787703084382174434033664.0000
38.0000 1838491798488413865923231124175279350769090346052790013905028811587584.0000
39.0000 -1724845850789188027813217968486829454091691739682684552285424795516928.0000
40.0000 1613377547178828322141837193239131552535440690938573837927822187823104.0000
41.0000 -1504640060954472815293706195224130341392524691948102614209694237982720.0000
42.0000 1399113212758431374726574622198744090470029248793334379031882817863680.0000
43.0000 -1297204722828213820737814706799407924526697165920189950417788490219520.0000
44.0000 1199252308487255780376375699716159408758218492997252563555246256685056.0000
45.0000 -1105526517021454281487318139431111046631167477341210302370022936281088.0000
46.0000 1016234181243920988851322292125480121006209694563442915286277085462528.0000
47.0000 -931522384711154207003571874255949293047428432039833395992617860202496.0000
48.0000 851482825489495242073301069516392336467631923451041720480063457067008.0000
49.0000 -776156471319347687967847337812693693534785762743657094958832710320128.0000
50.0000 705538404701101489364403736249608515179603205872037948214298089095168.0000
51.0000 -639582763532539879223325850398705205185687358399836185855739226488832.0000
52.0000 578207691160010693313170488010387320860345412552188372320227747168256.0000
53.0000 -521300218766363878509018501699341917726196119511607265193424658104320.0000
54.0000 468721012620615672294549186105391693055989575722614265216154671775744.0000
55.0000 -420308928588580894107262881478429750654459306748920962312840471904256.0000
56.0000 375885326204166801302857862884351477133553146747498628047396333944832.0000
57.0000 -335258104308608548804663191590252887832846743337071070914134352592896.0000
58.0000 298225429590001511888942422912008013482237692648905671120187583102976.0000
59.0000 -264579138139702951781305070716934891761816480948669807473159793803264.0000
60.0000 234107798258706159089102993895302880290666564527870240270817429553152.0000
61.0000 -206599430100379228686250103229054015166836609868927925325900040634368.0000
62.0000 181843884260310995199392504164589198143672851748669591206475098750976.0000
63.0000 -159634887081658514729092975572312437985973263278328279915256503861248.0000
64.0000 139771765223030046589121337465329996195668940028594403423606450159616.0000
65.0000 -122060865945750428437697434061804612099389412674025672164744626176000.0000
66.0000 106316692647866126541982500045050035258341107576986378949236103315456.0000
67.0000 -92362777449039734610141276202708790997143000449927225010641784799232.0000
68.0000 80032314171848062556469497147427122510172972170339071865079986126848.0000
69.0000 -69168575938725924905192421384556054000912696869276674633665657962496.0000
70.0000 59625141884126240771029866408540843688402655032581613602993942298624.0000
71.0000 -51265957246236857843977622446810619300446699614813728603052401754112.0000
72.0000 43965250430766109347801520209686831848201510040742490648659267420160.0000
73.0000 -37607329608728741388950441958905809602335251117287493516290812805120.0000
74.0000 32086280095742398766678865363883037154947267865423708788486590955520.0000
75.0000 -27305582232535340607227581957415110697158770404409716329474181562368.0000
76.0000 23177667810031894629521427886255964143666376215834170233678433615872.0000
77.0000 -19623431315951904000682265965414321290501622936056429409214056628224.0000
78.0000 16571710474814070874619045819801001572722416169639155441275703918592.0000
79.0000 -13958748753854511996802357900302489942661477305044253696259849715712.0000
80.0000 11727650750722464328454334773835455579613509428209373703037452812288.0000
81.0000 -9827839694940008381493256518477770755236324827372292604328698445824.0000
82.0000 8214524707373153167255912660933446570342854937896345617834079944704.0000
83.0000 -6848183987530881179728055778121521187666742285984333991984760881152.0000
84.0000 5694068748926574854590952122763485603871656504971739901477055889408.0000
85.0000 -4721731504553195373877706858324007143981651229890745437404578971648.0000
86.0000 3904581219953001628608838102645083949683799797533532219534051639296.0000
87.0000 -3219466898957823028508377108526819942557713387929378931007245254656.0000
88.0000 2646290342482736369262875586530213439806981896797310989865412722688.0000
89.0000 -2167648116941654501736236636602807122332266751124708749405040148480.0000
90.0000 1768502177291241921202891208776175268262266600528269423114880811008.0000
91.0000 -1435878100512938264118341898443885883385709214422237754534999883776.0000
92.0000 1158589487843218939222173885137328900573382161697825680566364667904.0000
93.0000 -926986777228253232627314828995381329899869551359333833211931262976.0000
94.0000 732728460276999514169431555260540935308800578481025372793505579008.0000
95.0000 -568572509684438923204690444112118051394398400114934820589224853504.0000
96.0000 428185683514324908248384333682781878538043875402334179654759350272.0000
97.0000 -305968272444296100206850763887998649609939556761014625610009411584.0000
98.0000 196891786577006505191685309407940425717759022866215685252842520576.0000
99.0000 -96347032240187833671633888035635294958101967760575188114499174400.0000
100.0000 0.0000
