0.0000 0.0000
1.0000 0.0111
2.0000 0.0224
3.0000 0.0339
4.0000 0.0457
5.0000 0.0581
6.0000 0.0710
7.0000 0.0846
8.0000 0.0990
9.0000 0.1143
10.0000 0.1305
11.0000 0.1477
12.0000 0.1659
13.0000 0.1851
14.0000 0.2054
15.0000 0.2268
16.0000 0.2492
17.0000 0.2726
18.0000 0.2969
19.0000 0.3220
20.0000 0.3480
21.0000 0.3746
22.0000 0.4018
23.0000 0.4295
24.0000 0.4574
25.0000 0.4856
26.0000 0.5138
27.0000 0.5419
28.0000 0.5698
29.0000 0.5973
30.0000 0.6243
31.0000 0.6507
32.0000 0.6763
33.0000 0.7010
34.0000 0.7248
35.0000 0.7475
36.0000 0.7690
37.0000 0.7894
38.0000 0.8084
39.0000 0.8261
40.0000 0.8425
41.0000 0.8575
42.0000 0.8710
43.0000 0.8832
44.0000 0.8939
45.0000 0.9031
46.0000 0.9110
47.0000 0.9173
48.0000 0.9223
49.0000 0.9259
50.0000 0.9280
51.0000 0.9287
52.0000 0.9280
53.0000 0.9259
54.0000 0.9223
55.0000 0.9173
56.0000 0.9110
57.0000 0.9031
58.0000 0.8939
59.0000 0.8832
60.0000 0.8710
61.0000 0.8575
62.0000 0.8425
63.0000 0.8261
64.0000 0.8084
65.0000 0.7893
66.0000 0.7690
67.0000 0.7475
68.0000 0.7247
69.0000 0.7010
70.0000 0.6762
71.0000 0.6506
72.0000 0.6242
73.0000 0.5972
74.0000 0.5696
75.0000 0.5417
76.0000 0.5135
77.0000 0.4853
78.0000 0.4570
79.0000 0.4289
80.0000 0.4012
81.0000 0.3738
82.0000 0.3470
83.0000 0.3208
84.0000 0.2953
85.0000 0.2706
86.0000 0.2468
87.0000 0.2240
88.0000 0.2020
89.0000 0.1810
90.0000 0.1610
91.0000 0.1418
92.0000 0.1236
93.0000 0.1061
94.0000 0.0895
95.0000 0.0735
96.0000 0.0580
97.0000 0.0431
98.0000 0.0285
99.0000 0.0142
100.0000 0.0000
