0.0000 0.0000
1.0000 -3395392148400372978822573847142531780427323739641567918201820147680446432112850140573965415445680067355760680407895775525053842135702645582850595334899818475778455856819206181885544493547464086588317418025993323843415152316854566633634648640950232067828613630565106665423067796621041336320.0000
2.0000 6787332504830648022851382939684493209426399074855593282798285776425249795662822392427140960303446314999779684897892059170380386886275288477819720072261391365424366476074465500840802701760919210360549150432871295757022080244934242350661516459858520482664031538953547744688918981318816038912.0000
3.0000 -10172373557035769358798596968572613262423582606779029775401039486066179426060202183319114817929491603950525439365344212699016021159285572228219989555518691957652399896912310638116907141381340924656908008906500361823867222355150536265102429175029951030130586157883297122322828377876204617728.0000
4.0000 13547076340315517559779123808429655191928598666180763834155483362156577252486335345551612222226243254647206517783324338021555309981971324514554919049893202316551429936340212251540709357939491035718510697866210168488309334222699630445383899428005023577996465418740724032756682922311676854272.0000
5.0000 -16908014681692974935543218296891277491927172416723661250373132609389253586047303415734923518450983115703519782236960848304600821755290878928831201617953079249661780006906456559423260181426432380554635890734533806002950648976526785318975032276667477936772028900804032180962235277787470495744.0000
6.0000 20251779408773019774816558598340710299982122408953947939687466213081167015622475195355886616720226716897503216430824346446416785728495631180539260052948790039885081419287900154191531765710361044900347844875628375066638406770226706940660098212213843785541380448367061509901417145091991011328.0000
7.0000 -23574982511886930662746253262941721235683527058835775832525706524966142872747332209088650830445395823206515952443243997631386875198948835538553627076931621412003074973711561494020423777024816829254808174243173601885488916196762638262643170417039560320842663419406346941831642674235986411520.0000
8.0000 26874261248428805090502632750182827041431436516025642138357125236472749603974260249428413452097649197477823622422989453129169666191858955364759017183020758625217222757883007477047224100328244486065666932516071578885934348471354244428393301228894724083471535551936655173318455378587741585408.0000
9.0000 -30146282178671805321991939021459300006138814500333069885713943037206983433376639470462023066318161259271084022446165791657684135196557660213615219172969737143466240423922311908142583725654520780097231562277233258598607390417665476822798801033835811641153674751632580911328727947457316519936.0000
10.0000 33387745122803604723750142353830226115184693101572523762255282238177697533796272506453751431996165682151151595142447835753623676706095925987567707833960195935575719247965465887945776215995259535633850299188198998814663075441990678099839879164984294711341265958781943718533967038157953171456.0000
11.0000 -36595387029437303710987446682037186272015442678256943503655511204533907505634448344238307437952305181796131203678259025063595895472069770321358997368134059654654146603801732720366811380918437640224535090399327956994468017106729147246874628218564431098695453586838523446438155999490982543360.0000
12.0000 39765985746431701450397635539369896094321783688570357239855123794123144903734963676897961183609943763613254329702581881717006311378792080556179954459852260228538733260057449575130567153299069323610792113598623619433432614131415176461115259880067597882145110575124971016347117910297241714688.0000
13.0000 -42896363685489401787530670693538632253623837294738647927356300652079639720255129303192729627274854635282243656228933674045251394804610843029730510726107115883060353687926538858722883860344642802139852592623820658717537369485977631558301043784676103347191861392984801369819244108783070216192.0000
14.0000 45983391372685100396977351126670541525561540670205455611988896580451295784273848366779211676777254982633322820756180359737366934967050417894477416311056780054600321157883538437185977082014343841103402194706457401267874616184171812033561222325168311602146931849646616060283272854997462679552.0000
15.0000 -49023990877806896280586344306631724208292103012241558110771317886179505357717717785677686319949643427704855151359155566411995358454861231918683901604342006301681972947775703013326793351971224667918697028515373354075509420009347645993567450541635225384031527170801087988344133777063300562944.0000
16.0000 52015139116161670561922846071771786274317658874239160630922536745271711403984123596727208854838651888971360689004672444547906079869045055280872608832850423668804678438285732004386067548393143835286263642715073141813199090503643467281590598003723866979021191000876410652209875477464726110208.0000
17.0000 -54953871017296631920729558928830471975184686145441866173776061749342883155780727037781743428824478588286905262764243551389287347340563994544116580076999884804237947625850224669906683712694051606992267532097967702921097422143268092897493921638768562608483908268877618415600086136820403798016.0000
18.0000 57837282555915021586619936720086407283801175920449457059116617630234041225283744924280998021286969965376669503624626425918693177940992862825626045657566333649476473390632046921053004542071483729231631298632978574021389033306086903732688043637231834699729205925532482226437614607407209512960.0000
19.0000 -60662533641110451678020046221822352298705259162346121997162002763969547229188978971194811420485130502241541939936255218733678224978865748743745534855660465101677227548281635301319674834443134993091954997728557096347154618546850672099528562060875237177809582449676851891927072924412709699584.0000
20.0000 63426850860899123582500804258517323266371269900152061420331313891656217269611011723865395987478079141895620488479636203191794270905790032721476075480885210325756982461701992880373797028910854172906077509799920195773748848166688311715227922313932004538347918274356793494830107139320032788480.0000
21.0000 -66127530079892324583882743623247464568906417435572308313022351320206614064159928622209659962011215396957755373424541878955630191290517540736815108810981201488229078160875029917772629078387323945524575119566340147006898719418034685315034869629133117274352978889279966867859856182359040720896.0000
22.0000 68761938888807966477898924437162421115490152157154841744744257452073629076425620251909673353390561634500271937464285649131130879612999517349571331106666116521050163837859795734471585460267179346109432140325154696206593218465836732528406516507395281459858693067909233568743659288626060066816.0000
23.0000 -71327518905370063438734419670923541217681249693289842826970042492674870510055594387227149393797158640769283611150950553646934209070971229538337535345886086121890893005665833565859892116775513508626417464286639700747681151885767543978074894893915243150848091988697852012050924801800173256704.0000
24.0000 73821787926974735445006840282555908502335375713313909604271201708602975413065794055517187550131702837421342615585443535407729476463330045186066414358582083889455952904907281234332645132633628217437587795637639716026431278094322739108001279687606980089255437606432022161972455238730302619648.0000
25.0000 -76242341936310490245513243658623392590723104058454477612521820676726597493400865316160488788906446780099694619750353004963077798794321291682750465148332835463282752679737184669061375246650817975792142535194590802475849699485079282960557631990978871834227045889242310231467450500679760609280.0000
26.0000 78586856961896093909016121149017512205140502872841804841792657541578447275576526892349941224209124995791562933359704939889939494038361580794846287157106696786942398579880351300425398630441810885838933651243252564714958049438513596327005973633332902914541050991616837612199427101174106423296.0000
27.0000 -80853090796241356703095771473872090948741765586993323267353402592521526287558216767158640366393095838284251596140773137554626129715579784150365013699836903644396233073043170702572683869276619797014771275009574771020768069836489982878827756474277534923497175276701104213263271674518960078848.0000
28.0000 83038884575031506873441878390512364113446224442378746285570955571699470037831625036324087539290903892202281984528173088596792697436892575089850964602866795867370909742903592899519405323256368821068690965244565094794848067834737843565339344928698405039493948858720003936496588738920573829120.0000
29.0000 -85142164221387087864595363133998839288356229326120332546015472997402240432870818913748129971054257562404082846074129690605391556298740584943131911932446921613361035106080272523293545301665560561222059155308052182359722936928470127562685572083197679612054791347070589737602124847023503966208.0000
30.0000 87160941759844844790210328918704958936015918137427081845696044974930042305387619911063031835778022146835568247508139250515727242337767382190678324912653002535358145270148497846161732943683682935976081357734146878040468182449002994217651066314060276883363045316389678761011785057998473265152.0000
31.0000 -89093316505243494820974986739249915443494812683261064203599455316081918404361739539417621901418929078384682650425651699215301100732794213204909731874284652606147633261728459973208880833233923526006368869081298703769468017714505054380615402710642127621035413035890218990829869385036345638912.0000
32.0000 90937476132173103834208488378906723965889023291652815855311400448682791831796845859128211852915425601876972174439009711631623688715486881509302482403654340622339281539327117375170212999892425807192444411376495676848015388393014905073174542216748562433420105225115017612996187684574878236672.0000
33.0000 -92691697631053846172435296833931879555109249132725634987467519626254836045443492792861125926646378819278992724358060711758992509270322831101360733828760374211841931731390846166863401736415857574474961070525840710973829099543205832043003132380890759986061872683421910017755916802829768982528.0000
34.0000 94354348157252685231124543242353899774253220677504319897536711222673415073694887916705461944232450588066715322479925015468985817636948911329142209374093271261169041000337520030821862755686273549783587496148162707309501251386593582062250530472461670811636297015494310535856433954045103702016.0000
35.0000 -95923885779912273450354702812180106710407791801509204277523686520977227170374977089833905760201556039363596464319386029658957931972842017384697119278483257830414666802806433081880619537149379512865499293445092688644437718195302692844282760224367186568869427428539310443651254177533192568832.0000
36.0000 97398860137363804010177193169609162224898696106468625684770498746075285370473492188705973898066732603882750908220465762302282340137213179680662322686799787290253172270624687407959039253832962834648193657901988135122047498127164201605042566074187741010105044632474141700787264703483437121536.0000
37.0000 -98777913006115789813445675211529391003127097148147060269477950713330988716584587718117205617681006450143541519880699366699004733026945313424760487788123385258332560890762573889511189373694247039672846353309564189556038053123339546813058679309900179188396165527664962388871630326374795837440.0000
38.0000 100059778790458991529409794991977549527223128746130792353611194857916905014828498993971259461398026462267163647112305851858480626109790621630534615680131176630324713697054920399532949712937668275447023455292216263463864126369340268333522423935077092550153513091048024660524698563245460422656.0000
39.0000 -101243284939698754908728773102212890979315923943173276213156449532781836054408759730267457860760569744791531046188255699613364600831718135955088064807965072269630786446879469279152094285090048982982507312598046716684412154777530935076944704516608354285018346397102613816259085481358944894976.0000
40.0000 102327352299928209553701415848883900977312015230384733236831288753362183281656885677816093390335816610724534239480166427314782567377396545033311933227633457933698578393066188799861328687541212444586596728250204219385762501097009486623209028338910439573506835590517055145388580584984261165056.0000
41.0000 -103310995407080973282337354905918681944285474340142515602815850207055107030664258624861002734864580707590663855193802825530764327477231429886830497115181878087643813407552582041385069400215063923814650274576087725819243334146768491366939887886850840331406461886149355463360490369997625884672.0000
42.0000 104193322727763839351704266754543113911330597031036336487140035019420701723409779787849444653125324435776121263424270643237250671660078398535367235675207127408441041968695764837709269405124316111932381189717152986812354862506894871121794910957163389890479816331026826901294004465853039378432.0000
43.0000 -104973536854059119325592288267590850872052657441382565053232102803394513249810528471007893561368132984354339940093918966404942748966117792542480030671951393660934276236928254340984184213132808582295507926568940135753230939167472283120735745173134374245733427259978108922777808292960100417536.0000
44.0000 105650934658118036855891748286438131204557456278402682871928284140382693000816887036343526214779907901042765295243556476589753306102476091172625303996922369309564245790754214720851114458474646839801005858268008837007124969583954944346337551011149955812809892379151530417524200670616589697024.0000
45.0000 -106224907411936645107781379893085302047558680534767556273968867910140977302563650663039141455992816018184324847695203405701041096393209406481963171054817570932657956638348818257664287357397038457354928592199200241287549933643672093575305883795123633236872136841591689234041659260396866895872.0000
46.0000 106694940877220405011742015548481171310279451572679863894768311386618853332619349065102044478813784549333998244556100090157211364498543407046547863534372940467425709356705606847428210108199026473110211418026395728784185228330584277557377528418889179048917430906675650976151919670637591789568.0000
47.0000 -107060615369712368728213729271439252566660687005723480427272379249262196127662756378407363798761350504124059277793653417340123576130879017602745753100433063898468826669814266690252469963957432309946948684627186012757778770234784391040973990329981893514233376435247690579462004586848368721920.0000
48.0000 107321605801782049039108252656923411179910649052791223102312704696999592831682225678572719127918275130462786183894976313171030947546174484647940287850067853804539481600353419384041588104630114045561903972380440625440016361071101421144571289041611349800978207046927723471395971147806340546560.0000
49.0000 -107477681706457284325903941740123309660757987387226715675335748814630428090353605781861705640794147228208204813846036779235863261409099857880183034194760431070455102828537545375368919152814416028428835524889597095331761768068520841995126088243784939331155884469015045591018873350173946281984.0000
50.0000 107528707245435529593678354418992865094378876337296622926094063024649013291138064439435362575007134218305452190819714302529226515332333735859650775802457557649971365724422795625009253815745776334900958610366413792227608952983227661681073485323117972819071510851838362284719878657082379993088.0000
51.0000 -107474641202939781268853965761225565142391518701828239267039824554480952822351111315549831662783117611629054140043329316526051440488853283835258576429502296876254764796303907053373534734881017046977137937709552154363623174558708072220221234871157251498024253430985450964535513615466661675008.0000
52.0000 107315536966593905384585174773481477245953880550625871001323377636708682189834224904590182017642791229872688149083923961390977073746819616631307608429046967943449386873659588282361828090726575310751619239923303447303113727040969495819557092207021517217234188463527781074365117558891887984640.0000
53.0000 -107051542495792300696595816823537460681393939067081719309537779412353715159273829680733783762233617305310256864909302509254409208898657282537272870967294099575629401351926412371353751263448929856121752045232833593944529723669219135713712266822082050944097394461602339772082848350813783326720.0000
54.0000 106682900277331944560992581353020229442875780400821137879792538246348644191904763790411353989450382474944494694654266333538965601493755533168776522135791083648098447478353076882210073887452071694173711559323864827092796920836419215983973848084077839628002976954696361653813774170377328525312.0000
55.0000 -106209947267374183087856178710777757751964767109632448564068200386950723408939563820165694351324844831513178814355294717600691630476180776094542211976769321261392928260410811222634064700452560420496680653906370456399529347979557680762501622144401737662154268993915766858583126224203052744704.0000
56.0000 105633114818108186046713008933414483280746737139439018017693313267368886259672635368223045836840875425283065532722817819474369080547293852730618890819188187079099671082488639438218979307703606685800886034484505507755037965684046727374269611200678707206687389463585485491155641843811413393408.0000
57.0000 -104952928586814894663649357537106809711811077101844488632305967268773954928134901734923614145919487538713159035022339234569684182915651584953050905847406522780020804843691603857671818405730591452073062231729611777493088749021355767382223654654142088920377507659975957377972326493176278810624.0000
58.0000 104170008424374388090599295326847382950844032824804520148238086053386532766498838982075352821780027884928845873615578884963577602084459604277535512860353588796258642845477193306624470876459257416771719225996834147624881478045755361647076545081531570725672075654898985183999687354917486329856.0000
59.0000 -103285068239639751104380407167623310238175417186867160582097609911229061718155504689277017816332406508575405334969419045200670246616011899573113684286363697082209287991031285069320386016416352143108645317664929624641418640656467924016347232975100586785331839777242939895270094602654900551680.0000
60.0000 102298915835512881118759454070944186990552860894374809191034656930889502938821764867054934169667024125878506332560303200249988604343863228578028246865544444962787673094995384508983928700873402839537603982531886607145053427764166684779875817943793300679118557108190731761262604072495670624256.0000
61.0000 -101212452712014310053530068757797638925793282926515022010009980241039948773713762135479250159700306807469892623096446139493748813892533167471406122229447439854008713218043011799213733519608992000247294258317056354340174339312332281139697074969922768935269023375264570214804089059465653911552.0000
62.0000 100026673831144571522938015476966704929940235692179693354702608602553915225068255587984709056775635801354462728541792586273386315604583121016764174304820018758565702620127448682184344061816067991258598634508182998722452723420532703759699505770617606820407910188299884655318219939552358825984.0000
63.0000 -98742667337890231829591325550083007202863688490870767709276108184753914812361816073251505886286804499853079401609813630073048243834973854206627952628312756463532752962893985739921658806871916259228153270112155060008707795819080837301857720443208915123885000854062746593231331392883701841920.0000
64.0000 97361614231345923033294445893500445309267739915844855338457071710482948557391644671620559025044921136204444911731132670476649122858521858205996564329972822034192751327895831101167049221007220750197364306571437483047393315600759271231775293030994435845951597372901604351717542989267053051904.0000
65.0000 -95884787979599564983195691376685085034970845645048005405992336882249063992168628348047649172453475277108025021024807951015111725015781289470949202149258627691155843381301732078067558921162327505924878166265675771202503545765334186657986097192851050059327873965950509247867400098103643078656.0000
66.0000 94313554071772138950147057967221740007596997883343801472656022013004024601538427710213650119390767818306388997471819459701010074843979984368034307899971816136036015695041812755309605814836972590622607696151315776314846014365374507318232388599155815332917471924256951414530032175229236674560.0000
67.0000 -92649369500416657376228663590282125192618143046810194418086822903537093980333009860373250830232854588048297079083895972504381794034397885194628300579904260008751044140988669070019849531461266335627424782574173284227012046167422358558366918750297384531228712633099706590518233028055871258624.0000
68.0000 90893782167362306289519766033277055738343574307087170096910188584560692776655777953765368952311662097960313926586564422130898797100648590577542629003159638251667869718965964248882816183426154873125909137481870745630092943503306952787557230749035298881499143612363764139365602385698914041856.0000
69.0000 -89048430206049696230229372929968173507175165579173695659827690621288899597707987141743097994771302910020263027690030461163288725934757479650106618441838615001352832333194929492550733245954311110068908455695014324968305115841770485340263196774054900708824372058671304476718671677672417918976.0000
70.0000 87115041213429937891388062990006640088648920947875636104816667049977143763110344797810130560807681757405350699405345960946639621147604116543145256611288762526634178297264014118411426574623576711704944248982782685642596858361431783323885735273880734183670541269669403519185508825530252656640.0000
71.0000 -85095431384608643819986380670585911485905009717699179061436394771553652123064002986549046034858992045744630721202210763289165917589249792289870341955145810996747176382702384439826601893977411329919713230374082973132614430097720864573842231459351046933502661182024076970032561021755724922880.0000
72.0000 82991504543593414176361960897997355208938009681065166509916627986983411666973871538476822397076289091579620753568049013135764248817897182700973532967159905516767727941417400446295808205685323544868322044886411238309815726772317197519158334100378193670033265128353033168564998384258239168512.0000
73.0000 -80805251063757076840193831432059961685356429762996007075719848948828986274177366049096604546825023374054304155269861913440925456114636284071555151586178424558765742573302899470808291430569146801891510194443510642839569731845791561456781721446373551560462732088819647668433390720694723018752.0000
74.0000 78538746671952705375942673026772240736669828071496226677104551888426164745255051035724542290140126668050362904827665922603819703120993721317369214062758783033737359753382934376580593911391586302437693795338118453361815942807021853431517338229655071809385298608205287972602614723232164478976.0000
75.0000 -76194151130611513554464714433536223402108321248506226947472608278798862787268134928788884411233415262298717636935315279134194986977469876944810493136687170090337553024624704282541873838107954381252671700657443547955011391778927379692496673532335123805402118239569562020113645165131664982016.0000
76.0000 73773706792614050663926730972843584210138524882554115688779394769026803045925702343621158181792944772088480745136777283593181309205163545688680489120311186709112654035777847730250675579983132626247631681274576111267545746244609426967962799022594539406071769775457971733775927969002911956992.0000
77.0000 -71279737024250134557941590905132034398187960597604031632922806961544332970502541216472611501015726722544454998294311407615909865615428596895526876625029675215209319567411700597639763509657186274746489142073295699983863997011493282742939159999415570783574408891878536762165530500285463527424.0000
78.0000 68714644492165349927533751491795925297992083953343250392000347917371507535380012590382437799184174406826688329917691342496972090449857608741137001877673051641014224413780609659956224071577650572947398107038908678908512009607157345495327003901743872568370477998337641067667163710669568606208.0000
79.0000 -66080909310828574327041524573407005439351270340939133529990671020522549513378696227468186722537442869480317644377941728411057077768492144514146141945909245188171721050915777228802452010058064394429302911080514144750640268315094026256155306583992063366484773575622294959546858683524383244288.0000
80.0000 63381087047743450470640334217038548593119243416867930845292135383596811638280651757141729420774129149881270897302427943169098335875061325126619331967268069273360385117852534004209287714767117739180678228123609299945214402020646994746334552090276757165300687336564572259145916725933262241792.0000
81.0000 -60617806584355081515475955978039994990794870855242748213485977034552866819231596448948959104358169214638069281160913819013948772649779202584296313371107631026315704491761747882953472697766055552299548988120537857138267430030219692801371532808769572020982584567730558578895054310939060862976.0000
82.0000 57793767831373589764785203381353109849769750862711382467770926212946850893575493329316401346248931122035852681418439819243865655578281934800879373852811912659706591391856096261673384733223402592027593758876840144306756360153478620221904735060810099913490383989369017715787023034142706106368.0000
83.0000 -54911739298033531032720962460641991364806984708435310472126249183424502505280604844707270297270073837369837707389753934342991914498121110328803700884982516087476759149767462097847543290361842277519580951628362021308490101386420164733842314222612120171149850924064702922026541795077871632384.0000
84.0000 51974555515635361808073849550868208856988915375773780556410477839763624805699963000890887550882032905429781922327849710085752070339416733877938684083317557078084566317112049824839181312500172342281003851065201930893758071231510987196153677555965600871470200601951604643434354492333143097344.0000
85.0000 -48985114316554963770541014419862220988246518431375849677676088824937974587014847679950337497095433582789986892210562971608514216494836666797473498029571097620284778997733018613167996219540723858640646103359467382036996895742797757894953237954350705426842058594670242641799530553256670396416.0000
86.0000 45946373970762496491241112070923771975232462160095136630190731950470985864061959351616198142089536559196679256025084851651901794098779407771038190550405278285798472837305759541399132338688144546032175408081744108044635702385480844936951963516220717500184142372958543758786869022247333396480.0000
87.0000 -42861350182747444339171696611062568757880555710761074367060357237115841016910821245435492103370335820370093211950080496508098859082605632768441160743360093367483745846663338857550750604194324402159282473909901170956278396821256276259020250342877600207244342152245250495223168619301337825280.0000
88.0000 39733112952600916601731624110286956748499161996750302060030795755633504492886210630120750943997626753488146938625567040601866232442735928132782357829604077887325414816943478274229081371646677501875232699581320847474220368350588220344394700906850989590142310701742019150585300444770960670720.0000
89.0000 -36564783305848109960202456177765692873589571125487897050640534990958991484284639172296842607085842402159193822218587649648285476368916288763756342709792363787798776586710268450411303985839026385377367769111744315254549565972912015902398367581361969426252420150508052478756149173445852135424.0000
90.0000 33359529897449099851598651821682709885859598738302536781265014760174251593260042143390207167811781073333589420933085657428276411055978283770924816932324037143094870673767832569263508231230145740981948613632848502097051474999175968931314635642830182574926414058104545608947843238258788007936.0000
91.0000 -30120565496184794704430685657174321939151128426128609600980563718097186361215415066457870200530757959917611670426965433597549079024289911032925138392740617733952758781116955831020979127714241404055389782000620239248901010280119063446900722222870560081362519137661826041988884688180780990464.0000
92.0000 26851143356413459048750894351427162306528349103118873076775239978867979150690193569118162564371667384648817249264705749754387018059314772415111678209005650125025769022587906604761698633684165741274225897419434910330734632893371907397250638450874896192752476379569362998888496557762283569152.0000
93.0000 -23554553484912102018178904982941937697528596898853554795436155652533058180283420208990885853392816739124298094831705580830532171737396952685476135970126480006898314380867211712141842216188336067635009850540167489750248386250133638763499502334895155710200646392931692176106537599951402172416.0000
94.0000 20234118811201670966248926888101315016828468680742968086302247399871356299494775293378443489032688967143474356560980491598259823603031916005137265405106470997914081245853206503414502502985895540271360114722276993773598845349363994981799496839718154525308630520641499623712967554761693855744.0000
95.0000 -16893191270389731555319016280009333956161916571491726597922132395416210150480682506596577015634231475956680894915745873646389795329303325679417341266652204487270530768599925258715830959924550848372050961017839445373460997022748342698775521669691701714183552713586309903595596560731218116608.0000
96.0000 13535147808141867747095027737523031193343986982919112785454070121553642221658798959158995536215652158946043619274256653836344260749398556980538781805538371036994082018233696585419653112491962713701090298317760345879702652239839155879433900633330906159745593206346291431776581033765959106560.0000
97.0000 -10163386317911192621156225789613277878453294352003399188967389806847917740372870534759698475825156828577361460801414389544424560051310801857859435890093277152833807445835011815189427789228128259740121075082973654508375252224520463683209413662577086912482954293503178489848958418491350712320.0000
98.0000 6781321521006849940701417503051059071402279755871695426398658218811955037324958732611339595952041942382100188491507744007198112279323616141947234736542672237764049350365505120825662369634464348982856169721697862069355649248657218736747901982680793189496529672162227389727483651876787847168.0000
99.0000 -3392380800465499019409152837650441896494992902034175367748857784702546380908025841648942907261548664333684168076025306058708357723289561295718956982220060906275733227036059201713905974607340045559677681214780804509132408449364460648005844698295495925126508577514445560664049348976287154176.0000
100.0000 0.0000
