0.0000 1.0000
1.0000 -94731198596479176311448622374673758624876930655096855175837251682410302664510120580044694241162289296837732643576866479429895054512039541145120277474246167450798117023203043624122961986623973233568776192.0000
2.0000 188644891398932207796661012712090119534295594025937910771320405555442128342544104628916288237195953795230824019195028710279562174213825553369801637750012335316667744878815445792441856610959542265929793536.0000
3.0000 -280935307345864809346751555500608894755931645761895756132245550249136428759068700694683308484474640281506879173274677500911764745852098202062512683874283658673948991473407378041722350637178058934759456768.0000
4.0000 370819909487106731835448080422246903824569764574990849053756009360958434116246037943617277162373044927793765962652380560819313713091180098181643998697360528575824673979235244692577239301978165862387941376.0000
5.0000 -457550429712059007441649412718351272289631652238345267477517000508060568880871888129294380376598641459835374976448814435660328659912684456762630468314798882419284786813264486677696909875035221096728100864.0000
6.0000 540423221454310276139434748940766893814640911457614383682160871694247291833072559081632385320140967571461988830686829021422400083424383755712013433122132168356203730537619585250988279991182906264177868800.0000
7.0000 -618788730416813644137045740619862387306707460954438734936274092273830521033888111466557009497908293090043447548787179038723397179059081390678658307578816225934176190336402136484196458583535890566874136576.0000
8.0000 692059905730074400080425352986055590073836256855785341150391035086569900615817423713853404410167078661911890766433830930055227968926053779236505639439988975619821817565085697529006859869196399024753606656.0000
9.0000 -759719400583102807088233205720641627752954790873115937549487587387666846769247243814102280998636507953762230625822551005262013386645190469995385718751312856178025803503925134962643167017510042085068111872.0000
10.0000 821325441437142560566472415628711948216011480941688950458712647003911889254429479574997020663743187393788479305366493500171360273876201329170196704728046320237156342121117774110640682655964176684039536640.0000
11.0000 -876516277534667843781684956148673881479366286034700525273575352609639026237687150198629313424390004287896979833526405537681013898286724192440849566345605367775028734190576486466577332203110213266834456576.0000
12.0000 925013156577980216370990508412832800903262694845852938963041296076682278502386412022208849744914440925910888187291744247314885567877143710721615930358850329500396089735425805532318310456091723445626208256.0000
13.0000 -966621807172176305403898248140935542079104629464546418779087364693334688884870932344092156488272114171589765140433445050520524135210524879349396741083863033218972462912230583778374119398851675115176853504.0000
14.0000 1001232442912061756227191666690002684395465911168930818800887457714371821177880871152231596234456332221770221405000256702293270520499937560854841421948571634339519083262406106109516187188554616641643610112.0000
15.0000 -1028818335887652942437823424387261986408396416271706937021589318944621421016180226154666510537119612011594661631763899693064693467275953443231745887626538087704296340469976885457774718391133300626913492992.0000
16.0000 1049433038005121182053199974919378926324333272784576484111178318880845811957166469173632380545254687124346454189629330488482139650679819585138775641863070216142989155907367199959003680584777961664407404544.0000
17.0000 -1063206356085108848589629702930958136315300993377984624535790223282870073586377970635659082589273918745650771503332934922243925235170341322825649116994953056051756099613822860269422348978268007186363842560.0000
18.0000 1070339210545706790285358331354596728080730527038340288922552143231369762805801865541372976357936208716642441917454624304031166418667911618647194073633182746793403508912623050606770378895091154724260413440.0000
19.0000 -1071097527080105462096493499338931212104426234563537299998038960633088518466129241130185729251178257196989629403635903736211440950838847923781419177109852416557492821318486386167983622879857948512042876928.0000
20.0000 1065805325727937216385229666228350429852883869998863237901305628859735105012005926819432558118525841865655578606320501225106306007963349095959360756952266340506820156740914681129428499712979508262284034048.0000
21.0000 -1054837181901234143530010058995583804207937334832963679750923061134932382048081023554696262175541156956626738338362606322176326875349247696457845718286035309503264437798051612880900232644792845287636860928.0000
22.0000 1038610239205537915478641394290382318171813140409309838952097579975895746487965917668698031107102728354535724415654754090014822617545437850632789078750271903388938936544769048041688263429784966987444649984.0000
23.0000 -1017575954390992328131857221745685569844588503967366334327166879723035633533677238606370040227773694019369825648930144979708270973125492997688040731957797030968159928266222772416740046515467140111613820928.0000
24.0000 992211750715875363480499861584115696713193254037435810364367625535513283553466745530670858921379969634846106558145645970961733497538196586660571599872797342861056672851634197764514385122192826531909206016.0000
25.0000 -963012747770708227612952283455975269145107933487846703501185744799688153438287570149278002700537268287584436674084707365135962263104265461654343473508750156754461969260680044080600735985847585037864665088.0000
26.0000 930483723866516692740281533572116931788353503879342829291132034328513334425874524967095112792922993970360563854535376916954110755018675654687873557118397633021432114548415942762407124460568044902866223104.0000
27.0000 -895131451992882722545214471963528635076685786218704313242463883045240120851228823396891208199382228080090865022548979583042295297455053167708925459870032361177792312955835330668302201139678229978811465728.0000
28.0000 857457532718415502873538707571123513915916446789154082953691860255490472304768159509773846602251732613308346067471963398583428453806015131267823243343015142843998055777675545850066567263861080954534625280.0000
29.0000 -817951827893523241513402374635651371148332409392377790890228848858404773599292544633890907023113740989800977912306923691016696253161855154757656137630497412511235098689392126150901393023547479163886632960.0000
30.0000 777086578291173287583159682186863149467434221430311920039766757597554379933176773753549591096427421725518108179141493590496947835068306379408815347425281344368958809747606623010431636878098077407634259968.0000
31.0000 -735311267043854424450183944467657857642578674532364609691778488280508882192422619206432904238936755240012786881091066161205368868655863284780290873098775750562229123155466057587237223220431807958669590528.0000
32.0000 693048269531248700884584784228655524569166026092379294141316635819989206455149507558846813244317857166648770301129647629810668022694785529136338879197067897179624392685522071626925379229653850569171795968.0000
33.0000 -650689309820809006300825072589818011489292400944732357124924769087131522637807888301954362382058360763831911160694976960349096446113706199236563761270844835344971562221917146711345315602232614254597373952.0000
34.0000 608592724375300408516350297462389629478364954522338319787348561392132666861150439344170965270577252687317957556283791022807535237220028014981388372268926796173595445046485141025834141039578095955734429696.0000
35.0000 -567081515953818934724654951751003418128324767350579231205001321399349920185523213549048860921415060386732501616772543186565572503589261594047553141336916040844950625922783927470424262651667401681779294208.0000
36.0000 526442164797628554331562991886304449661453415559854902532829569542875189766472544089891946818238236650825681455617279875910285305387959431855088502967965297786489471074342502319302443677421799527845724160.0000
37.0000 -486924150572212303106150714691777576937040845837400669492964271449937737961836018118481400839311964779527669869626333229059043745469024684691022535577695155940372450450064426874942957959885226199083909120.0000
38.0000 448740127305268370528812421475201660396022798272561004610215907907459878698944350727916067405362604804547856344037814517604786734464157720903227195090972086772530330718561225010129354738433181941051162624.0000
39.0000 -412066684802532432199580926844610814810767916406743733923051235331046629344941280945895684842587718660207098053143906356508168830575345082323795319680489226213856023296408341863755202339586614589736878080.0000
40.0000 377045623742772165066033883159573354673849476393698007144939560897213634891871795135030262665409304011665598917142739204282387532741946612078388386539102281802459184267657031243745037111065301575006158848.0000
41.0000 -343785667778966871443290251030140287229903513321279674088666722344945483355471024957257637816155543510857116660306692952438232613199489483751074874985759902617226721557842226755885396228576954210733522944.0000
42.0000 312364534368629984623319959170421127918862475844125560258067832499175010659025078473618182641705324943910018255160311845756694787051477600172191839937724499929738896842044408773560316111562706363917271040.0000
43.0000 -282831286532504149047936095381175960589541368899432957329805573737726693957521234708100488371964134159820860337535412955718003835361403969497625387945169980389160718407950615987237686225924397646575828992.0000
44.0000 255208890065236741395184130444451164127052363674133949820626790193197335569962804524743283003625761451390129914726390290400767318791604426562124308851552095140923797915508257168202886730050347430479659008.0000
45.0000 -229496904631636511554935469678537243962213023229912266951681772254991076191040584075257880689448258331392905103373753909942794332702918466859336380421991210439234041909628439607653847743278168539429601280.0000
46.0000 205674242396705023994637198321123310630102640870735070417459616490290730178760708399689435171956443101673741114490009216044063269708577142577047270326110678287274197259490456595817529142128795091621380096.0000
47.0000 -183701934068465715296444711160128507449708619808657142879599772479805362879629033834512942374187283914649471683795082848951628761018511635455231344340216416339613798199454423308826834276348388453671501824.0000
48.0000 163525849194090135620778866151771876470796731277666127344843292082897443181590442613088484134632710702540740957601899960553847006699289763122035268689528134922015285031225340075970088630543648346886635520.0000
49.0000 -145079324968078748777447689008279853073034341931432793904315629377436278144298319613849593214337943116304746517795101524594992183035759419651779508796733853499316658685536098058779507026180340312847679488.0000
50.0000 128285665431561190873377356812641507475194522698532281183871313996693018222966192186241725813050993623602341935752356990314223299847581865504342979210729280727242572391558162615685855430057762571316887552.0000
51.0000 -113060480534485267642899088807883972113286529704635026931776766872028093628835302189498516207038680738107359833378933258176541804958748127743939002862309065873763422840216524887252489353916371415974543360.0000
52.0000 99313841897267145958181199996933983352019285735083948413315425147167547904594648076983022086617018023352351626473014274528045159809443764823670696474345779018906623156767344115868410329772198188340477952.0000
53.0000 -86952239077217575892399102977082076513658623566688710302819903562527074900482967064394354376243850286933756458109818865281693372950766355067872898825050743590037883255290257332634386834899727011259875328.0000
54.0000 75880326582983374650936691508211932137204623632297024436072565109418671470588297556423215925962396644556627118227785836397341615693850968697086199256247770854238193503450021721540948964550581809095639040.0000
55.0000 -66002457685972237368721619401153754001484663426670048282493018994136298418430744875201709932124214780996868918122055861498320429745545907217362627796494266966303179477228877060374251570404418893079642112.0000
56.0000 57224006182070176699807602968760544797117529471235161139812657233578708108951993193226652005252687794549530284466556634308009716643763802181286502910335336955247065711912579696316899182361764760184160256.0000
57.0000 -49452481620755835623919337044861165747234856250177277626680673656504595272432842811351586525337886128516650104994286591264587965868255408918853171077439565898540555885375583333568930607735000221236592640.0000
58.0000 42598447129956831549064145312459297722950825257650077226218588002250158601195015742088853438880412759685808012827920447062269127834769681857447222363949131446184091196665547636754654664203509783030923264.0000
59.0000 -36576251835387257920052330370382493774223904795736100155338245411864229350463497550102750570067826528078713537327627682821658381717537644719448865200495911709432472988919936264125836708728174678927998976.0000
60.0000 31304592034316289336415448501573166860166896724913950610837747332243472924475626562077698746445486293831176742080794155139937667458790480406240749856069333309081925236298221273951850582158418470775029760.0000
61.0000 -26706916783458872845150892238111878110079344139896979906886781259296651633766247329442765587461345275123658833610498269662117645418954504007657832024062236884189565018463842719976420637154738829774553088.0000
62.0000 22711694458822375623218732447524865897570261566056167503043899489503962114113971062089740927453135170223455227264200094285699629956247148749010107406718671152750132202234784729205027461540565797220384768.0000
63.0000 -19252557210190593776833415552517366562603801250238090875306658160189224894816304148199305696833949598838492151230420322446243080542844224026159991402305144795157033418281935185059311373920518737468850176.0000
64.0000 16268340137763994299411992925477786498237226238660134425239445763850683724276878496662709832461247830489419797482399919461792274757279928645151316506006445901391193375001153620583535715835184709378244608.0000
65.0000 -13703031538468168537758009584106517767820140974987141097372889343151048594485258745308482233387883045193188939756544777880492998180395502924256538558998550659981161283227121801115641430112226820805885952.0000
66.0000 11505649778972616115538906830252164186383200794230902145687501149752337708976533436360976945228234200059856179550606322365595676381133115383454686185839158992104271985781141374550691680280640006588989440.0000
67.0000 -9630061322894449900642104702744564426163506997217726113474793137756270179155656635442447530669830464890789224950925494912549667956548046512248534409563623664880842025922544312484012096517173434573127680.0000
68.0000 8034753237589139144245365383011846150451049502417777855082894661901933567898589153772916243788396536923395402544162659961171168435703182614032132859709006953117188535396314650725421833058645943158571008.0000
69.0000 -6682572191857519869508967633381581287525384948039991726761820393965502009055437307982581456373121863781537951900190846916267246848205725501267149658078281193549288307875261249083925327121932634067828736.0000
70.0000 5540440583357548577660366381044836073221001014385835962939759220218231977468000894887552224745453038188375819978455306217408754902590245169751261041193702973060932205933352415176885714997868854752837632.0000
71.0000 -4579059049559722539572182230150265110168994167740483062544466246556315436743193819875481212382513803724537502621154226205619044795728913014301811046675960858399486100509587056849208837351641618568970240.0000
72.0000 3772603257152497909229021324562752167060954535915912564391787672171467667822602225896427703003559929413814784812708114098374519000080704517483133853172572429447120427859142514307803009340508402039652352.0000
73.0000 -3098421562807109864626836701913540826979233348826456411060193476516391604457134322796530025422101489968489093911147366731441069281445636948486598417474119065016945565685505674963153360370293735830847488.0000
74.0000 2536738916920382732093052655317737249298165465941911648483265695830661723443978854498875149841820487533409718864775167515720936851581805618502530003994674263177655560054262455084770951223342572385599488.0000
75.0000 -2070371258529032015257666769190403411297892083940428241986834967467445055734829358391018907892607606083407313113894136854657972709769889672123152321959367989667007163507324209679255339790243239729037312.0000
76.0000 1684453635241862531998731751681255468506420521535637254428807939057798556638614598553366689209506188847261208284893714495872934536854089103475992431439456970074199244421984618889348726018358221377372160.0000
77.0000 -1366184382776392816989729941752054258348222555104766358874622412309646524001591085314115461517259613004993812594308628445059731416654828694051779636992874281170173147462330091956549576454466306844917760.0000
78.0000 1104586916100583595624668448108327630484662803089581140884514974335779866575113346408130008394807997182011478193930460694675975443001407950744836024640696042859437045542080605369643707670051960286871552.0000
79.0000 -890290016218105503067423437121759047711379929922316495347127351451493527254045032444923500189414560306028276224298760164649229211563027601815111913021586452412407417172663982453279853202358148830068736.0000
80.0000 715326938365536309585991117232332912664867878863874447374764385499846783724754526546258882208100777826614352485043352420171691101045771561299334692438974989621049085707212728482651503895254034525716480.0000
81.0000 -572953211709545519011078917075422799408094781997078233417495836511189254471848915608275334156383639705097502846685138911913832132174326188649724470881068862567011687005801393912134086421717071805022208.0000
82.0000 457482638910410989119753258942516931809136947351116495332179851664614234958892988228965930515247282146008838917557219041397301820895564835405390966955043042285896567428498413954266128505634534948077568.0000
83.0000 -364140726563661673843259501310274331444150622549178588153997173685616714286858531743990788310638503881279804579343765114628879337027542753528832748239962304302811069492233742498287556415925405962207232.0000
84.0000 288934574478453532387470185329264371774181680301454420402980732956391831035082755613730615582602687072142081400063549645874466157086706863053816530303274559966778329375743151940254665908598413874692096.0000
85.0000 -228538112862957349085115191618352929864651867659926549409807944665943182214026768733428573973478115107178462055178676080060849084185151670313810222482290614385362396941572437188810373340396462415020032.0000
86.0000 180191491879272801120136620555293042209505773825681989811660306947007684883094201471955273345640213782685837957566533331868312576312894292362436074209808911512446756301946011295318326770342419218038784.0000
87.0000 -141613388318115761265203904398724243805060133182226574420155166505907015927481974150250327045597136417443019627782021687518609903703829510671313401004315491888214083209283792823422705965710296634884096.0000
88.0000 110924990618868947746018390582883492038952944354914447896715123668041628715772019321283403651939621685807287378318228545886553283856038478529863896308756374569107022475897911960439374511544654186414080.0000
89.0000 -86584448209512087388803977874764958663210514756674525450544251213570131867697599792638737235708677545773262407653493500079562921184837466125682853546390914391048848794548368300756559336120588112494592.0000
90.0000 67330617107506026878596642213585629253548890991841994344069458905948446711451475561428732517472968653172527231292145414693637265390880321052345995624216278141380270286051594034758351669518141690478592.0000
91.0000 -52134994729490117889806994144626891497042496081446757344185916882755702669675544221712288277356958921001166395256785892379199533475501871880415803165457939618676707697528606914038528095029637662375936.0000
92.0000 40160807591271564219923141963356366676958385424579245642971950923741729267945225057033777518961632741860338602170523732240529757410863231930211520688459386915178652594949941385378153381124690828853248.0000
93.0000 -30728291549183518811436374696392111164998772211639005359156623015020847139826902494575961455241405247810250736897361319382296491417418354659930540385499635412658390995705992425073155490382124278611968.0000
94.0000 23285281710238307768336234122262364130464565599104544594891831136384840803112568886658536891983904860137620643019479253132619278390119520355590009571913355803083242578102584092808683537363532454559744.0000
95.0000 -17382305080227007431021067204384151962082096242939678324396999605545058377730321889532001250387942345476456922385146825324038917936014512834380702827744849728620821679997943753232522086181819545288704.0000
96.0000 12651440991614276359113959757536191625532986844223165591221200006606211817125216696290411063481640650865706379483159058383676848263470555593793672347132936905491823152747695374769669823723557183553536.0000
97.0000 -8788280446123299954557750062581474175303770229622323840957944450097202552402186352938799677887530017478438684758791278870163451937878204790509807594083059513060469190678987796056101800563219500105728.0000
98.0000 5536374251953482934423282561680244288688904982466970416421610263331819845018523349141137805956256563373384373153326835707926541325136563352724834800661187480950029706316254882975024726945271807737856.0000
99.0000 -2673610129912171225079824046105656582242608641060564450564669404840317372531794325840650897397694755667763365708714659010757804147092046976293675576400876762583029924849527663628474288209357141180416.0000
100.0000 0.0000
