0.0000 0.5050
1.0000 0.5050
2.0000 0.5050
3.0000 0.5050
4.0000 0.5050
5.0000 0.5050
6.0000 0.5050
7.0000 0.5050
8.0000 0.5050
9.0000 0.5050
10.0000 0.5050
11.0000 0.5050
12.0000 0.5050
13.0000 0.5050
14.0000 0.5050
15.0000 0.5050
16.0000 0.5050
17.0000 0.5050
18.0000 0.5050
19.0000 0.5050
20.0000 0.5050
21.0000 0.5049
22.0000 0.5050
23.0000 0.5049
24.0000 0.5050
25.0000 0.5049
26.0000 0.5050
27.0000 0.5049
28.0000 0.5050
29.0000 0.5049
30.0000 0.5050
31.0000 0.5049
32.0000 0.5050
33.0000 0.5049
34.0000 0.5050
35.0000 0.5049
36.0000 0.5050
37.0000 0.5049
38.0000 0.5050
39.0000 0.5049
40.0000 0.5050
41.0000 0.5049
42.0000 0.5050
43.0000 0.5049
44.0000 0.5050
45.0000 0.5049
46.0000 0.5050
47.0000 0.5049
48.0000 0.5050
49.0000 0.5049
50.0000 0.5050
51.0000 0.5049
52.0000 0.5050
53.0000 0.5049
54.0000 0.5050
55.0000 0.5049
56.0000 0.5050
57.0000 0.5049
58.0000 0.5050
59.0000 0.5049
60.0000 0.5050
61.0000 0.5049
62.0000 0.5050
63.0000 0.5049
64.0000 0.5050
65.0000 0.5049
66.0000 0.5050
67.0000 0.5049
68.0000 0.5050
69.0000 0.5049
70.0000 0.5050
71.0000 0.5049
72.0000 0.5050
73.0000 0.5049
74.0000 0.5050
75.0000 0.5049
76.0000 0.5050
77.0000 0.5049
78.0000 0.5050
79.0000 0.5049
80.0000 0.5050
81.0000 0.5049
82.0000 0.5050
83.0000 0.5050
84.0000 0.5050
85.0000 0.5050
86.0000 0.5050
87.0000 0.5050
88.0000 0.5050
89.0000 0.5050
90.0000 0.5050
91.0000 0.5050
92.0000 0.5050
93.0000 0.5050
94.0000 0.5050
95.0000 0.5050
96.0000 0.5050
97.0000 0.5050
98.0000 0.5050
99.0000 0.5050
100.0000 0.5050
