0.0000 0.5049
1.0000 0.5049
2.0000 0.5049
3.0000 0.5049
4.0000 0.5049
5.0000 0.5049
6.0000 0.5049
7.0000 0.5049
8.0000 0.5049
9.0000 0.5049
10.0000 0.5049
11.0000 0.5049
12.0000 0.5049
13.0000 0.5049
14.0000 0.5049
15.0000 0.5049
16.0000 0.5049
17.0000 0.5049
18.0000 0.5049
19.0000 0.5049
20.0000 0.5049
21.0000 0.5049
22.0000 0.5049
23.0000 0.5049
24.0000 0.5049
25.0000 0.5050
26.0000 0.5050
27.0000 0.5050
28.0000 0.5050
29.0000 0.5050
30.0000 0.5050
31.0000 0.5050
32.0000 0.5050
33.0000 0.5050
34.0000 0.5050
35.0000 0.5050
36.0000 0.5050
37.0000 0.5050
38.0000 0.5050
39.0000 0.5050
40.0000 0.5050
41.0000 0.5050
42.0000 0.5050
43.0000 0.5050
44.0000 0.5050
45.0000 0.5050
46.0000 0.5050
47.0000 0.5050
48.0000 0.5050
49.0000 0.5050
50.0000 0.5050
51.0000 0.5050
52.0000 0.5050
53.0000 0.5050
54.0000 0.5050
55.0000 0.5050
56.0000 0.5050
57.0000 0.5050
58.0000 0.5050
59.0000 0.5050
60.0000 0.5050
61.0000 0.5050
62.0000 0.5050
63.0000 0.5050
64.0000 0.5050
65.0000 0.5050
66.0000 0.5050
67.0000 0.5050
68.0000 0.5050
69.0000 0.5050
70.0000 0.5050
71.0000 0.5050
72.0000 0.5050
73.0000 0.5050
74.0000 0.5050
75.0000 0.5050
76.0000 0.5050
77.0000 0.5050
78.0000 0.5049
79.0000 0.5049
80.0000 0.5049
81.0000 0.5049
82.0000 0.5049
83.0000 0.5049
84.0000 0.5049
85.0000 0.5049
86.0000 0.5049
87.0000 0.5049
88.0000 0.5049
89.0000 0.5049
90.0000 0.5049
91.0000 0.5049
92.0000 0.5049
93.0000 0.5049
94.0000 0.5049
95.0000 0.5049
96.0000 0.5049
97.0000 0.5049
98.0000 0.5049
99.0000 0.5049
100.0000 0.5049
