0.0000 -4382501216038318243840.0000
1.0000 -4382501216038315098112.0000
2.0000 13436678659046450921472.0000
3.0000 -23357347448976903766016.0000
4.0000 34717824812479735136256.0000
5.0000 -48081860474153878945792.0000
6.0000 63994030833004504416256.0000
7.0000 -82965100734529438482432.0000
8.0000 105451946514104627232768.0000
9.0000 -131832339072529318543360.0000
10.0000 162375658955350262939648.0000
11.0000 -197211391942136346705920.0000
12.0000 236297954291702699130880.0000
13.0000 -279394933635874409152512.0000
14.0000 326042117359366408503296.0000
15.0000 -375548640772730136821760.0000
16.0000 426995174202823810220032.0000
17.0000 -479251271251856570974208.0000
18.0000 531008856657650278989824.0000
19.0000 -580831427685491356467200.0000
20.0000 627217008987638536863744.0000
21.0000 -668671401241210404208640.0000
22.0000 703786976210437170790400.0000
23.0000 -731321363223403718246400.0000
24.0000 750269978688629099200512.0000
25.0000 -759926550443264204341248.0000
26.0000 759926592006354217467904.0000
27.0000 -750270123009851185430528.0000
28.0000 731321676934737431625728.0000
29.0000 -703787598576904143110144.0000
30.0000 668672595514872335171584.0000
31.0000 -627219254425189391269888.0000
32.0000 580835577381741372899328.0000
33.0000 -531016401346939488043008.0000
34.0000 479264771144127319375872.0000
35.0000 -427018952352934372835328.0000
36.0000 375589875478438822805504.0000
37.0000 -326112530976306423136256.0000
38.0000 279513354250630866141184.0000
39.0000 -236494127504921842417664.0000
40.0000 197531543618619262894080.0000
41.0000 -162890454457574022447104.0000
42.0000 132648044194934426697728.0000
43.0000 -106725758126749648945152.0000
44.0000 84925761528045980614656.0000
45.0000 -66968944275970232156160.0000
46.0000 52531941780562716393472.0000
47.0000 -41281215927106949611520.0000
48.0000 32902838238915728506880.0000
49.0000 -27127162308716979552256.0000
50.0000 23748006972697899696128.0000
51.0000 -22636265571104021544960.0000
52.0000 23748006972697899696128.0000
53.0000 -27127162308716996329472.0000
54.0000 32902838238915745284096.0000
55.0000 -41281215927106974777344.0000
56.0000 52531941780562741559296.0000
57.0000 -66968944275970248933376.0000
58.0000 84925761528046014169088.0000
59.0000 -106725758126749665722368.0000
60.0000 132648044194934493806592.0000
61.0000 -162890454457574089555968.0000
62.0000 197531543618619229339648.0000
63.0000 -236494127504921842417664.0000
64.0000 279513354250630832586752.0000
65.0000 -326112530976306221809664.0000
66.0000 375589875478438688587776.0000
67.0000 -427018952352934372835328.0000
68.0000 479264771144127185158144.0000
69.0000 -531016401346939353825280.0000
70.0000 580835577381741372899328.0000
71.0000 -627219254425189122834432.0000
72.0000 668672595514872066736128.0000
73.0000 -703787598576903740456960.0000
74.0000 731321676934737028972544.0000
75.0000 -750270123009850514341888.0000
76.0000 759926592006353814814720.0000
77.0000 -759926550443264204341248.0000
78.0000 750269978688628964982784.0000
79.0000 -731321363223404120899584.0000
80.0000 703786976210437573443584.0000
81.0000 -668671401241210538426368.0000
82.0000 627217008987638671081472.0000
83.0000 -580831427685491759120384.0000
84.0000 531008856657650681643008.0000
85.0000 -479251271251857040736256.0000
86.0000 426995174202824212873216.0000
87.0000 -375548640772730539474944.0000
88.0000 326042117359366811156480.0000
89.0000 -279394933635874711142400.0000
90.0000 236297954291702934011904.0000
91.0000 -197211391942136514478080.0000
92.0000 162375658955350363602944.0000
93.0000 -131832339072529385652224.0000
94.0000 105451946514104694341632.0000
95.0000 -82965100734529472036864.0000
96.0000 63994030833004521193472.0000
97.0000 -48081860474153878945792.0000
98.0000 34717824812479756107776.0000
99.0000 -23357347448976903766016.0000
100.0000 13436678659046453018624.0000
