0.0000 0.0000
1.0000 0.0015
2.0000 0.0030
3.0000 0.0045
4.0000 0.0059
5.0000 0.0074
6.0000 0.0089
7.0000 0.0103
8.0000 0.0118
9.0000 0.0132
10.0000 0.0146
11.0000 0.0160
12.0000 0.0174
13.0000 0.0188
14.0000 0.0201
15.0000 0.0215
16.0000 0.0228
17.0000 0.0241
18.0000 0.0253
19.0000 0.0266
20.0000 0.0278
21.0000 0.0290
22.0000 0.0302
23.0000 0.0313
24.0000 0.0324
25.0000 0.0335
26.0000 0.0345
27.0000 0.0355
28.0000 0.0365
29.0000 0.0374
30.0000 0.0383
31.0000 0.0391
32.0000 0.0399
33.0000 0.0407
34.0000 0.0415
35.0000 0.0422
36.0000 0.0428
37.0000 0.0434
38.0000 0.0440
39.0000 0.0445
40.0000 0.0450
41.0000 0.0454
42.0000 0.0458
43.0000 0.0462
44.0000 0.0465
45.0000 0.0467
46.0000 0.0469
47.0000 0.0471
48.0000 0.0472
49.0000 0.0473
50.0000 0.0473
51.0000 0.0473
52.0000 0.0472
53.0000 0.0471
54.0000 0.0469
55.0000 0.0467
56.0000 0.0465
57.0000 0.0462
58.0000 0.0458
59.0000 0.0454
60.0000 0.0450
61.0000 0.0445
62.0000 0.0440
63.0000 0.0434
64.0000 0.0428
65.0000 0.0422
66.0000 0.0415
67.0000 0.0407
68.0000 0.0399
69.0000 0.0391
70.0000 0.0383
71.0000 0.0374
72.0000 0.0365
73.0000 0.0355
74.0000 0.0345
75.0000 0.0335
76.0000 0.0324
77.0000 0.0313
78.0000 0.0302
79.0000 0.0290
80.0000 0.0278
81.0000 0.0266
82.0000 0.0253
83.0000 0.0241
84.0000 0.0228
85.0000 0.0215
86.0000 0.0201
87.0000 0.0188
88.0000 0.0174
89.0000 0.0160
90.0000 0.0146
91.0000 0.0132
92.0000 0.0118
93.0000 0.0103
94.0000 0.0089
95.0000 0.0074
96.0000 0.0059
97.0000 0.0045
98.0000 0.0030
99.0000 0.0015
100.0000 0.0000
