0.0000 0.5047
1.0000 0.5047
2.0000 0.5047
3.0000 0.5047
4.0000 0.5047
5.0000 0.5047
6.0000 0.5047
7.0000 0.5047
8.0000 0.5047
9.0000 0.5047
10.0000 0.5047
11.0000 0.5047
12.0000 0.5047
13.0000 0.5048
14.0000 0.5048
15.0000 0.5048
16.0000 0.5048
17.0000 0.5048
18.0000 0.5048
19.0000 0.5048
20.0000 0.5049
21.0000 0.5049
22.0000 0.5049
23.0000 0.5049
24.0000 0.5049
25.0000 0.5049
26.0000 0.5050
27.0000 0.5050
28.0000 0.5050
29.0000 0.5050
30.0000 0.5050
31.0000 0.5050
32.0000 0.5051
33.0000 0.5051
34.0000 0.5051
35.0000 0.5051
36.0000 0.5051
37.0000 0.5051
38.0000 0.5051
39.0000 0.5052
40.0000 0.5052
41.0000 0.5052
42.0000 0.5052
43.0000 0.5052
44.0000 0.5052
45.0000 0.5052
46.0000 0.5052
47.0000 0.5052
48.0000 0.5052
49.0000 0.5052
50.0000 0.5052
51.0000 0.5052
52.0000 0.5052
53.0000 0.5052
54.0000 0.5052
55.0000 0.5052
56.0000 0.5052
57.0000 0.5052
58.0000 0.5052
59.0000 0.5052
60.0000 0.5052
61.0000 0.5052
62.0000 0.5052
63.0000 0.5052
64.0000 0.5051
65.0000 0.5051
66.0000 0.5051
67.0000 0.5051
68.0000 0.5051
69.0000 0.5051
70.0000 0.5051
71.0000 0.5050
72.0000 0.5050
73.0000 0.5050
74.0000 0.5050
75.0000 0.5050
76.0000 0.5050
77.0000 0.5049
78.0000 0.5049
79.0000 0.5049
80.0000 0.5049
81.0000 0.5049
82.0000 0.5049
83.0000 0.5048
84.0000 0.5048
85.0000 0.5048
86.0000 0.5048
87.0000 0.5048
88.0000 0.5048
89.0000 0.5048
90.0000 0.5047
91.0000 0.5047
92.0000 0.5047
93.0000 0.5047
94.0000 0.5047
95.0000 0.5047
96.0000 0.5047
97.0000 0.5047
98.0000 0.5047
99.0000 0.5047
100.0000 0.5047
