0.0000 0.0000
1.0000 0.0000
2.0000 0.0000
3.0000 0.0000
4.0000 0.0000
5.0000 0.0000
6.0000 0.0000
7.0000 -0.0002
8.0000 0.0013
9.0000 -0.0049
10.0000 0.0181
11.0000 -0.0521
12.0000 0.1446
13.0000 -0.3378
14.0000 0.7595
15.0000 -1.4971
16.0000 2.8418
17.0000 -4.8324
18.0000 7.9332
19.0000 -11.8048
20.0000 17.0162
21.0000 -22.3551
22.0000 28.5802
23.0000 -33.3136
24.0000 38.0387
25.0000 -39.3890
26.0000 40.3890
27.0000 -37.0387
28.0000 34.3136
29.0000 -27.5802
30.0000 23.3551
31.0000 -16.0162
32.0000 12.8048
33.0000 -6.9332
34.0000 5.8324
35.0000 -1.8418
36.0000 2.4971
37.0000 0.2405
38.0000 1.3378
39.0000 0.8554
40.0000 1.0521
41.0000 0.9819
42.0000 1.0049
43.0000 0.9987
44.0000 1.0002
45.0000 1.0000
46.0000 1.0000
47.0000 1.0000
48.0000 1.0000
49.0000 1.0000
50.0000 1.0000
51.0000 1.0000
52.0000 1.0000
53.0000 1.0000
54.0000 1.0000
55.0000 1.0000
56.0000 1.0000
57.0000 1.0000
58.0000 1.0002
59.0000 0.9987
60.0000 1.0049
61.0000 0.9819
62.0000 1.0521
63.0000 0.8554
64.0000 1.3378
65.0000 0.2405
66.0000 2.4971
67.0000 -1.8418
68.0000 5.8324
69.0000 -6.9332
70.0000 12.8048
71.0000 -16.0162
72.0000 23.3551
73.0000 -27.5802
74.0000 34.3136
75.0000 -37.0387
76.0000 40.3890
77.0000 -39.3890
78.0000 38.0387
79.0000 -33.3136
80.0000 28.5802
81.0000 -22.3551
82.0000 17.0162
83.0000 -11.8048
84.0000 7.9332
85.0000 -4.8324
86.0000 2.8418
87.0000 -1.4971
88.0000 0.7595
89.0000 -0.3378
90.0000 0.1446
91.0000 -0.0521
92.0000 0.0181
93.0000 -0.0049
94.0000 0.0013
95.0000 -0.0002
96.0000 0.0000
97.0000 0.0000
98.0000 0.0000
99.0000 0.0000
100.0000 0.0000
