0.0000 0.0001
1.0000 0.0001
2.0000 0.0001
3.0000 0.0002
4.0000 0.0003
5.0000 0.0006
6.0000 0.0010
7.0000 0.0017
8.0000 0.0028
9.0000 0.0045
10.0000 0.0070
11.0000 0.0108
12.0000 0.0163
13.0000 0.0239
14.0000 0.0344
15.0000 0.0483
16.0000 0.0664
17.0000 0.0893
18.0000 0.1177
19.0000 0.1519
20.0000 0.1921
21.0000 0.2383
22.0000 0.2899
23.0000 0.3463
24.0000 0.4062
25.0000 0.4685
26.0000 0.5315
27.0000 0.5938
28.0000 0.6537
29.0000 0.7101
30.0000 0.7617
31.0000 0.8079
32.0000 0.8481
33.0000 0.8823
34.0000 0.9107
35.0000 0.9336
36.0000 0.9517
37.0000 0.9656
38.0000 0.9761
39.0000 0.9837
40.0000 0.9892
41.0000 0.9930
42.0000 0.9955
43.0000 0.9972
44.0000 0.9983
45.0000 0.9990
46.0000 0.9994
47.0000 0.9997
48.0000 0.9998
49.0000 0.9999
50.0000 0.9999
51.0000 0.9999
52.0000 0.9999
53.0000 0.9999
54.0000 0.9998
55.0000 0.9997
56.0000 0.9994
57.0000 0.9990
58.0000 0.9983
59.0000 0.9972
60.0000 0.9955
61.0000 0.9930
62.0000 0.9892
63.0000 0.9837
64.0000 0.9761
65.0000 0.9656
66.0000 0.9517
67.0000 0.9336
68.0000 0.9107
69.0000 0.8823
70.0000 0.8481
71.0000 0.8079
72.0000 0.7617
73.0000 0.7101
74.0000 0.6537
75.0000 0.5938
76.0000 0.5315
77.0000 0.4685
78.0000 0.4062
79.0000 0.3463
80.0000 0.2899
81.0000 0.2383
82.0000 0.1921
83.0000 0.1519
84.0000 0.1177
85.0000 0.0893
86.0000 0.0664
87.0000 0.0483
88.0000 0.0344
89.0000 0.0239
90.0000 0.0163
91.0000 0.0108
92.0000 0.0070
93.0000 0.0045
94.0000 0.0028
95.0000 0.0017
96.0000 0.0010
97.0000 0.0006
98.0000 0.0003
99.0000 0.0002
100.0000 0.0001
