0.0000 0.0000
1.0000 nan
2.0000 nan
3.0000 nan
4.0000 nan
5.0000 nan
6.0000 nan
7.0000 nan
8.0000 nan
9.0000 nan
10.0000 nan
11.0000 nan
12.0000 nan
13.0000 nan
14.0000 nan
15.0000 nan
16.0000 nan
17.0000 nan
18.0000 nan
19.0000 nan
20.0000 nan
21.0000 nan
22.0000 nan
23.0000 nan
24.0000 nan
25.0000 nan
26.0000 nan
27.0000 nan
28.0000 nan
29.0000 nan
30.0000 nan
31.0000 nan
32.0000 nan
33.0000 nan
34.0000 nan
35.0000 nan
36.0000 nan
37.0000 nan
38.0000 nan
39.0000 nan
40.0000 nan
41.0000 nan
42.0000 nan
43.0000 nan
44.0000 nan
45.0000 nan
46.0000 nan
47.0000 nan
48.0000 nan
49.0000 nan
50.0000 nan
51.0000 nan
52.0000 nan
53.0000 nan
54.0000 nan
55.0000 nan
56.0000 nan
57.0000 nan
58.0000 nan
59.0000 nan
60.0000 nan
61.0000 nan
62.0000 nan
63.0000 nan
64.0000 nan
65.0000 nan
66.0000 nan
67.0000 nan
68.0000 nan
69.0000 nan
70.0000 nan
71.0000 nan
72.0000 nan
73.0000 nan
74.0000 nan
75.0000 nan
76.0000 nan
77.0000 nan
78.0000 nan
79.0000 nan
80.0000 nan
81.0000 nan
82.0000 nan
83.0000 nan
84.0000 nan
85.0000 nan
86.0000 nan
87.0000 nan
88.0000 nan
89.0000 nan
90.0000 nan
91.0000 nan
92.0000 nan
93.0000 nan
94.0000 nan
95.0000 nan
96.0000 nan
97.0000 nan
98.0000 nan
99.0000 nan
100.0000 0.0000
