0.0000 0.0000
1.0000 0.0000
2.0000 0.0000
3.0000 0.0000
4.0000 0.0000
5.0000 0.0000
6.0000 0.0115
7.0000 -0.1614
8.0000 1.3014
9.0000 -7.5293
10.0000 34.5147
11.0000 -131.7378
12.0000 432.2499
13.0000 -1244.9944
14.0000 3196.0948
15.0000 -7394.8900
16.0000 15554.1577
17.0000 -29940.2409
18.0000 53022.9774
19.0000 -86755.2432
20.0000 131588.0262
21.0000 -185515.7517
22.0000 243613.2589
23.0000 -298444.4752
24.0000 341484.7557
25.0000 -365211.1248
26.0000 365212.1248
27.0000 -341483.7557
28.0000 298445.4752
29.0000 -243612.2589
30.0000 185516.7517
31.0000 -131587.0262
32.0000 86756.2432
33.0000 -53021.9774
34.0000 29941.2409
35.0000 -15553.1577
36.0000 7395.8900
37.0000 -3195.0948
38.0000 1245.9944
39.0000 -431.2499
40.0000 132.7378
41.0000 -33.5147
42.0000 8.5293
43.0000 -0.3014
44.0000 1.1614
45.0000 0.9885
46.0000 1.0000
47.0000 1.0000
48.0000 1.0000
49.0000 1.0000
50.0000 1.0000
51.0000 1.0000
52.0000 1.0000
53.0000 1.0000
54.0000 1.0000
55.0000 1.0000
56.0000 1.0000
57.0000 0.9885
58.0000 1.1614
59.0000 -0.3014
60.0000 8.5293
61.0000 -33.5147
62.0000 132.7378
63.0000 -431.2499
64.0000 1245.9944
65.0000 -3195.0948
66.0000 7395.8900
67.0000 -15553.1577
68.0000 29941.2409
69.0000 -53021.9774
70.0000 86756.2432
71.0000 -131587.0262
72.0000 185516.7517
73.0000 -243612.2589
74.0000 298445.4752
75.0000 -341483.7557
76.0000 365212.1248
77.0000 -365211.1248
78.0000 341484.7557
79.0000 -298444.4752
80.0000 243613.2589
81.0000 -185515.7517
82.0000 131588.0262
83.0000 -86755.2432
84.0000 53022.9774
85.0000 -29940.2409
86.0000 15554.1577
87.0000 -7394.8900
88.0000 3196.0948
89.0000 -1244.9944
90.0000 432.2499
91.0000 -131.7378
92.0000 34.5147
93.0000 -7.5293
94.0000 1.3014
95.0000 -0.1614
96.0000 0.0115
97.0000 0.0000
98.0000 0.0000
99.0000 0.0000
100.0000 0.0000
