0.0000 0.0000
1.0000 0.0106
2.0000 0.0213
3.0000 0.0319
4.0000 0.0425
5.0000 0.0530
6.0000 0.0635
7.0000 0.0740
8.0000 0.0843
9.0000 0.0946
10.0000 0.1048
11.0000 0.1149
12.0000 0.1248
13.0000 0.1347
14.0000 0.1444
15.0000 0.1540
16.0000 0.1634
17.0000 0.1727
18.0000 0.1818
19.0000 0.1907
20.0000 0.1995
21.0000 0.2080
22.0000 0.2163
23.0000 0.2245
24.0000 0.2324
25.0000 0.2401
26.0000 0.2475
27.0000 0.2547
28.0000 0.2617
29.0000 0.2684
30.0000 0.2748
31.0000 0.2810
32.0000 0.2869
33.0000 0.2925
34.0000 0.2979
35.0000 0.3029
36.0000 0.3076
37.0000 0.3121
38.0000 0.3162
39.0000 0.3200
40.0000 0.3235
41.0000 0.3267
42.0000 0.3296
43.0000 0.3321
44.0000 0.3344
45.0000 0.3362
46.0000 0.3378
47.0000 0.3390
48.0000 0.3399
49.0000 0.3405
50.0000 0.3407
51.0000 0.3406
52.0000 0.3401
53.0000 0.3393
54.0000 0.3382
55.0000 0.3367
56.0000 0.3349
57.0000 0.3328
58.0000 0.3303
59.0000 0.3276
60.0000 0.3244
61.0000 0.3210
62.0000 0.3173
63.0000 0.3132
64.0000 0.3088
65.0000 0.3041
66.0000 0.2992
67.0000 0.2939
68.0000 0.2883
69.0000 0.2824
70.0000 0.2763
71.0000 0.2699
72.0000 0.2632
73.0000 0.2563
74.0000 0.2491
75.0000 0.2416
76.0000 0.2339
77.0000 0.2260
78.0000 0.2179
79.0000 0.2095
80.0000 0.2009
81.0000 0.1921
82.0000 0.1832
83.0000 0.1740
84.0000 0.1647
85.0000 0.1552
86.0000 0.1456
87.0000 0.1358
88.0000 0.1259
89.0000 0.1158
90.0000 0.1057
91.0000 0.0954
92.0000 0.0851
93.0000 0.0746
94.0000 0.0641
95.0000 0.0535
96.0000 0.0429
97.0000 0.0322
98.0000 0.0215
99.0000 0.0107
100.0000 0.0000
