0.0000 1.0000
1.0000 0.9601
2.0000 0.9204
3.0000 0.8808
4.0000 0.8416
5.0000 0.8027
6.0000 0.7643
7.0000 0.7265
8.0000 0.6893
9.0000 0.6529
10.0000 0.6173
11.0000 0.5825
12.0000 0.5487
13.0000 0.5159
14.0000 0.4842
15.0000 0.4535
16.0000 0.4240
17.0000 0.3956
18.0000 0.3684
19.0000 0.3424
20.0000 0.3176
21.0000 0.2940
22.0000 0.2716
23.0000 0.2504
24.0000 0.2303
25.0000 0.2115
26.0000 0.1938
27.0000 0.1772
28.0000 0.1617
29.0000 0.1472
30.0000 0.1337
31.0000 0.1213
32.0000 0.1097
33.0000 0.0990
34.0000 0.0892
35.0000 0.0802
36.0000 0.0719
37.0000 0.0644
38.0000 0.0575
39.0000 0.0512
40.0000 0.0455
41.0000 0.0404
42.0000 0.0357
43.0000 0.0316
44.0000 0.0278
45.0000 0.0244
46.0000 0.0214
47.0000 0.0188
48.0000 0.0164
49.0000 0.0143
50.0000 0.0124
51.0000 0.0107
52.0000 0.0093
53.0000 0.0080
54.0000 0.0069
55.0000 0.0059
56.0000 0.0051
57.0000 0.0044
58.0000 0.0037
59.0000 0.0032
60.0000 0.0027
61.0000 0.0023
62.0000 0.0019
63.0000 0.0016
64.0000 0.0014
65.0000 0.0011
66.0000 0.0010
67.0000 0.0008
68.0000 0.0007
69.0000 0.0006
70.0000 0.0005
71.0000 0.0004
72.0000 0.0003
73.0000 0.0003
74.0000 0.0002
75.0000 0.0002
76.0000 0.0001
77.0000 0.0001
78.0000 0.0001
79.0000 0.0001
80.0000 0.0001
81.0000 0.0000
82.0000 0.0000
83.0000 0.0000
84.0000 0.0000
85.0000 0.0000
86.0000 0.0000
87.0000 0.0000
88.0000 0.0000
89.0000 0.0000
90.0000 0.0000
91.0000 0.0000
92.0000 0.0000
93.0000 0.0000
94.0000 0.0000
95.0000 0.0000
96.0000 0.0000
97.0000 0.0000
98.0000 0.0000
99.0000 0.0000
100.0000 0.0000
