0.0000 1.0000
1.0000 0.9822
2.0000 0.9643
3.0000 0.9465
4.0000 0.9287
5.0000 0.9110
6.0000 0.8933
7.0000 0.8756
8.0000 0.8581
9.0000 0.8405
10.0000 0.8231
11.0000 0.8057
12.0000 0.7885
13.0000 0.7713
14.0000 0.7543
15.0000 0.7373
16.0000 0.7206
17.0000 0.7038
18.0000 0.6874
19.0000 0.6709
20.0000 0.6548
21.0000 0.6386
22.0000 0.6228
23.0000 0.6070
24.0000 0.5915
25.0000 0.5761
26.0000 0.5610
27.0000 0.5459
28.0000 0.5312
29.0000 0.5166
30.0000 0.5023
31.0000 0.4880
32.0000 0.4742
33.0000 0.4604
34.0000 0.4470
35.0000 0.4336
36.0000 0.4207
37.0000 0.4078
38.0000 0.3953
39.0000 0.3829
40.0000 0.3709
41.0000 0.3589
42.0000 0.3474
43.0000 0.3359
44.0000 0.3248
45.0000 0.3138
46.0000 0.3032
47.0000 0.2927
48.0000 0.2826
49.0000 0.2725
50.0000 0.2629
51.0000 0.2533
52.0000 0.2441
53.0000 0.2350
54.0000 0.2263
55.0000 0.2176
56.0000 0.2093
57.0000 0.2011
58.0000 0.1933
59.0000 0.1855
60.0000 0.1781
61.0000 0.1707
62.0000 0.1637
63.0000 0.1567
64.0000 0.1501
65.0000 0.1436
66.0000 0.1373
67.0000 0.1311
68.0000 0.1253
69.0000 0.1194
70.0000 0.1139
71.0000 0.1084
72.0000 0.1033
73.0000 0.0981
74.0000 0.0932
75.0000 0.0883
76.0000 0.0837
77.0000 0.0791
78.0000 0.0748
79.0000 0.0705
80.0000 0.0664
81.0000 0.0623
82.0000 0.0584
83.0000 0.0546
84.0000 0.0509
85.0000 0.0472
86.0000 0.0437
87.0000 0.0402
88.0000 0.0369
89.0000 0.0335
90.0000 0.0303
91.0000 0.0271
92.0000 0.0239
93.0000 0.0208
94.0000 0.0178
95.0000 0.0148
96.0000 0.0118
97.0000 0.0088
98.0000 0.0059
99.0000 0.0029
100.0000 0.0000
