0.0000 -1895485787888826279125390983168.0000
1.0000 -1895485787888832753049855328256.0000
2.0000 5835650276230825638317267091456.0000
3.0000 -10224234128650945869459243401216.0000
4.0000 15362397437517632281915829518336.0000
5.0000 -21552610546183776993846482698240.0000
6.0000 29095331466250868562495040126976.0000
7.0000 -38282244071852701675179349114880.0000
8.0000 49385654539718872792348728754176.0000
9.0000 -62644066231570056393104323248128.0000
10.0000 78244440824329928566569099591680.0000
11.0000 -96302171991095752417727754534912.0000
12.0000 116840299166546453094436712742912.0000
13.0000 -139769913166401748690072993005568.0000
14.0000 164873987343944065481937164173312.0000
15.0000 -191796945569593308167506944327680.0000
16.0000 220042103724345856916898191507456.0000
17.0000 -248978671635933822068536224251904.0000
18.0000 277859288170807137469854243618816.0000
19.0000 -305848132543577658288618447306752.0000
20.0000 332058596019029089145259397480448.0000
21.0000 -355598425852634486810892979666944.0000
22.0000 375619299310315886879692654903296.0000
23.0000 -391367079691652215658127934095360.0000
24.0000 402228656586104635305586868617216.0000
25.0000 -407771347641187627743480417091584.0000
26.0000 407771354792122299342892698697728.0000
27.0000 -402228681966496443981752516476928.0000
28.0000 391367136906235476031882412425216.0000
29.0000 -375619417793029469956813812137984.0000
30.0000 355598663602268628220359221444608.0000
31.0000 -332059063359521235017956350492672.0000
32.0000 305849034689107974743144892727296.0000
33.0000 -277860999577620341969599332352000.0000
34.0000 248981863152605633409460771749888.0000
35.0000 -220047955697377449892387517104128.0000
36.0000 191807497977964478006342444908544.0000
37.0000 -164892703750803178967444194590720.0000
38.0000 139802571105294001095662406467584.0000
39.0000 -116896367926272128039675511177216.0000
40.0000 96396901735904232520424955576320.0000
41.0000 -78401965796616372729967280128000.0000
42.0000 62901918895489032838944447791104.0000
43.0000 -49801193557470123342212657840128.0000
44.0000 38941609478539847989918758338560.0000
45.0000 -30125642468011519617574316802048.0000
46.0000 23138195752950373502108867493888.0000
47.0000 -17765867978121859268137784967168.0000
48.0000 13813144700009294931512036163584.0000
49.0000 -11115305368511256572597689647104.0000
50.0000 9548101581842176196376684134400.0000
51.0000 -9034410274800574058206490263552.0000
52.0000 9548101581842177322276590977024.0000
53.0000 -11115305368511258824397503332352.0000
54.0000 13813144700009299435111663534080.0000
55.0000 -17765867978121866023537226022912.0000
56.0000 23138195752950368998509240123392.0000
57.0000 -30125642468011515113974689431552.0000
58.0000 38941609478539838982719503597568.0000
59.0000 -49801193557470123342212657840128.0000
60.0000 62901918895489050853342957273088.0000
61.0000 -78401965796616372729967280128000.0000
62.0000 96396901735904232520424955576320.0000
63.0000 -116896367926272128039675511177216.0000
64.0000 139802571105293965066865387503616.0000
65.0000 -164892703750803142938647175626752.0000
66.0000 191807497977964514035139463872512.0000
67.0000 -220047955697377557978778573996032.0000
68.0000 248981863152605741495851828641792.0000
69.0000 -277860999577620377998396351315968.0000
70.0000 305849034689108118858332968583168.0000
71.0000 -332059063359521523248332502204416.0000
72.0000 355598663602268628220359221444608.0000
73.0000 -375619417793029397899219774210048.0000
74.0000 391367136906235259859100298641408.0000
75.0000 -402228681966496371924158478548992.0000
76.0000 407771354792122227285298660769792.0000
77.0000 -407771347641187627743480417091584.0000
78.0000 402228656586104707363180906545152.0000
79.0000 -391367079691652071542939858239488.0000
80.0000 375619299310315886879692654903296.0000
81.0000 -355598425852634414753298941739008.0000
82.0000 332058596019029017087665359552512.0000
83.0000 -305848132543577622259821428342784.0000
84.0000 277859288170807065412260205690880.0000
85.0000 -248978671635933786039739205287936.0000
86.0000 220042103724345784859304153579520.0000
87.0000 -191796945569593200081115887435776.0000
88.0000 164873987343943957395546107281408.0000
89.0000 -139769913166401676632478955077632.0000
90.0000 116840299166546417065639693778944.0000
91.0000 -96302171991095680360133716606976.0000
92.0000 78244440824329865516174316404736.0000
93.0000 -62644066231570020364307304284160.0000
94.0000 49385654539718836763551709790208.0000
95.0000 -38282244071852688164380467003392.0000
96.0000 29095331466250859555295785385984.0000
97.0000 -21552610546183763483047600586752.0000
98.0000 15362397437517625526516388462592.0000
99.0000 -10224234128650941365859616030720.0000
100.0000 5835650276230820008817732878336.0000
