0.0000 0.1491
1.0000 0.1491
2.0000 0.1504
3.0000 0.1531
4.0000 0.1572
5.0000 0.1625
6.0000 0.1692
7.0000 0.1772
8.0000 0.1864
9.0000 0.1969
10.0000 0.2086
11.0000 0.2214
12.0000 0.2353
13.0000 0.2503
14.0000 0.2663
15.0000 0.2833
16.0000 0.3011
17.0000 0.3198
18.0000 0.3392
19.0000 0.3593
20.0000 0.3800
21.0000 0.4011
22.0000 0.4227
23.0000 0.4447
24.0000 0.4668
25.0000 0.4891
26.0000 0.5115
27.0000 0.5338
28.0000 0.5560
29.0000 0.5780
30.0000 0.5997
31.0000 0.6209
32.0000 0.6417
33.0000 0.6619
34.0000 0.6815
35.0000 0.7003
36.0000 0.7184
37.0000 0.7355
38.0000 0.7518
39.0000 0.7671
40.0000 0.7813
41.0000 0.7945
42.0000 0.8065
43.0000 0.8173
44.0000 0.8270
45.0000 0.8354
46.0000 0.8426
47.0000 0.8485
48.0000 0.8531
49.0000 0.8564
50.0000 0.8584
51.0000 0.8591
52.0000 0.8584
53.0000 0.8564
54.0000 0.8531
55.0000 0.8485
56.0000 0.8426
57.0000 0.8354
58.0000 0.8270
59.0000 0.8173
60.0000 0.8065
61.0000 0.7945
62.0000 0.7813
63.0000 0.7671
64.0000 0.7518
65.0000 0.7355
66.0000 0.7184
67.0000 0.7003
68.0000 0.6815
69.0000 0.6619
70.0000 0.6417
71.0000 0.6209
72.0000 0.5997
73.0000 0.5780
74.0000 0.5560
75.0000 0.5338
76.0000 0.5115
77.0000 0.4891
78.0000 0.4668
79.0000 0.4447
80.0000 0.4227
81.0000 0.4011
82.0000 0.3800
83.0000 0.3593
84.0000 0.3392
85.0000 0.3198
86.0000 0.3011
87.0000 0.2833
88.0000 0.2663
89.0000 0.2503
90.0000 0.2353
91.0000 0.2214
92.0000 0.2086
93.0000 0.1969
94.0000 0.1864
95.0000 0.1772
96.0000 0.1692
97.0000 0.1625
98.0000 0.1572
99.0000 0.1531
100.0000 0.1504
