0.0000 -67212976497.0362
1.0000 -67212976497.0357
2.0000 205047110146.8362
3.0000 -353056553200.2960
4.0000 517853923061.7256
5.0000 -705772511620.4590
6.0000 922711867488.9266
7.0000 -1173947917495.7612
8.0000 1463907219963.1208
9.0000 -1795911185576.7671
10.0000 2171902578651.4973
11.0000 -2592172672814.2598
12.0000 3055112384815.5771
13.0000 -3557013867536.2295
14.0000 4091949818726.2285
15.0000 -4651755739728.3789
16.0000 5226135394445.0488
17.0000 -5802901920274.0820
18.0000 6368356916637.1465
19.0000 -6907798195952.7959
20.0000 7406134806219.9648
21.0000 -7848576665840.3945
22.0000 8221356956959.5137
23.0000 -8512439438751.0625
24.0000 8712160919154.8457
25.0000 -8813761705271.2383
26.0000 8813763894115.3438
27.0000 -8712168315308.8926
28.0000 8512454788193.6230
29.0000 -8221385754445.0273
30.0000 7848628755799.7090
31.0000 -7406227106759.6260
32.0000 6907959113313.6230
33.0000 -6368633304588.5566
34.0000 5803369826587.2871
35.0000 -5226916350995.6445
36.0000 4653041019762.7109
37.0000 -4094035923678.5498
38.0000 3560353525138.8701
39.0000 -3060386527753.4702
40.0000 2600390181388.1802
41.0000 -2184535927892.0854
42.0000 1815077401434.8508
43.0000 -1492604522396.6130
44.0000 1216358847681.7866
45.0000 -984583236755.4243
46.0000 794880801149.8776
47.0000 -644561419812.4939
48.0000 530958175062.1159
49.0000 -451700291219.1491
50.0000 404933060658.1277
51.0000 -389478508733.5041
52.0000 404933060658.1277
53.0000 -451700291219.1492
54.0000 530958175062.1158
55.0000 -644561419812.4941
56.0000 794880801149.8782
57.0000 -984583236755.4246
58.0000 1216358847681.7874
59.0000 -1492604522396.6133
60.0000 1815077401434.8508
61.0000 -2184535927892.0850
62.0000 2600390181388.1812
63.0000 -3060386527753.4702
64.0000 3560353525138.8701
65.0000 -4094035923678.5498
66.0000 4653041019762.7080
67.0000 -5226916350995.6426
68.0000 5803369826587.2852
69.0000 -6368633304588.5537
70.0000 6907959113313.6191
71.0000 -7406227106759.6211
72.0000 7848628755799.7109
73.0000 -8221385754445.0273
74.0000 8512454788193.6250
75.0000 -8712168315308.8926
76.0000 8813763894115.3457
77.0000 -8813761705271.2441
78.0000 8712160919154.8506
79.0000 -8512439438751.0654
80.0000 8221356956959.5137
81.0000 -7848576665840.3955
82.0000 7406134806219.9648
83.0000 -6907798195952.7949
84.0000 6368356916637.1465
85.0000 -5802901920274.0820
86.0000 5226135394445.0488
87.0000 -4651755739728.3770
88.0000 4091949818726.2285
89.0000 -3557013867536.2295
90.0000 3055112384815.5767
91.0000 -2592172672814.2598
92.0000 2171902578651.4978
93.0000 -1795911185576.7671
94.0000 1463907219963.1206
95.0000 -1173947917495.7617
96.0000 922711867488.9270
97.0000 -705772511620.4596
98.0000 517853923061.7263
99.0000 -353056553200.2967
100.0000 205047110146.8368
