0.0000 -1707020159431352258442279633392367958045613038792330143745515667029895666662026667114236453935863287410272538364018053961333615161111376258454692624582467484586698640599839401897747407911516873652654376590518905843257428652790406153953757583740448191618822267951447747563288074020202741760.0000
1.0000 -1707020159431343061891081623731759456514637212071243863651264030226438463122003930774940746469509556754682046027691183469465572541015334274548376801832635027204161557747684580702352353231011664374394665359033054797410962512422666745077237364553698492805608531380465017675671806197127708672.0000
2.0000 5119356000091352388336775369074859636684634945215458688226939255409282228576228195273493242780306262094924017510902997576537145401131958747774570319299128962985697789571014510167908109326609032959530148507415951919336393671044988283378560412484685394238483419621939224694538505973164670976.0000
3.0000 -8526580516682844689612300497406418997883977144700268116488950574331346021749828492540027916755023502515083455501868884587671511318603426140291778096145383109679300751528495597079101311495477195868791540422348450926557232477380574288159792687359260374652588277200685441446704211400157298688.0000
4.0000 11925293188900769686888310196925114009709729182523751529436680620502564826005880681098808664018764072978295463435891209868487556171676950177787893897363191462513748679175649649184261100784014666529415144269411067965259071231170991073966264146263157440235200724755462514485998127744112656384.0000
5.0000 -15312104018889155138136106689004267562045661741028643739665538618990285937277547173901702380985929139517239863760582332188381789287693665135882234473266258953438603885995647472670172345817242036354987153389310675500761328219067457429835555108373567330880875208195828908195732150337876787200.0000
6.0000 18683637698043691035442757249606578362918814785125580917188598759352142151662559380857446960772766055510400650039950345576919100875053818547501566431124710085891139281445660638920099277222073299491953532007784849395276925270547079499671475736873318756582813726276703647276479940738823487488.0000
7.0000 -22036537731977755568687377249843183730579433867996123875616772428170827809131809851690809574297219623962995032036016423424869409180969863140905404828102322804279521725657591323457239636617628479157055649832104035580824509384109927016831945807369742473010684660140944311394487170277838946304.0000
8.0000 25367470512182362103526841061390420901616652592763445837044880642935386679034560209649161671826051796356627579236998510240549879710515263143479918898823026764286042337023102930563922387057356543433586521752677740903922663157641417353214103243991749081585439051703588531580517338484538605568.0000
9.0000 -28673129323266939590801641561826801004534140177068052245750158995052432239386910463571074395088886275467151577645937578461472354833624952633359676834524711595567516727082849680838836151563561445420824155538440308925848992026456909984528477924393220910419371477833151356106410369569406320640.0000
10.0000 31950238275098615545062593585273100792790741101933168460162481785914238854023356638789103888534968564950020226896969232181963441689914100633339382379410871944532487903169346555875577311597215318256538781319793339568060026988834660493203641965460740474089455578100104134337492915871310413824.0000
11.0000 -35195556149656632320035090214638789118384311351405583042686456116463413710783653972397925675761369236570922156985603996690979425088438510356322223955720542097183864453163378721344320463022103191418474104221108495376460817191829541063872098566624689973715383639757430246117124234533322883072.0000
12.0000 38405880152984636806065502075249472545356222446800852752305234096166744401927953539874460683046675643127082346367744479902535371875077547455015053386723601356091266026567544103751972820075480192638376494775949074865056799325810097400438445078427863291219600056375297069796725692281028345856.0000
13.0000 -41578049563248094417771151695492770231365409382700802780541453610667576479328902815904318627693261036091442635091922487190918469197443260430293087690471204966054947313428092466036116761905874847325430728928531341992311222736498476419170342056216749811070252139721473985670047854017491501056.0000
14.0000 44708949266585984118345315314919199724276438286956752199921083790130803402595254758367001704077640697735761780594032402174479833978540379038162452671708145383382791044211906323300559166338929651797029281637829948247302785150434448448474032317937317004980121029706581918541455656316605300736.0000
15.0000 -47795513173176284536909839727119412904682324508739914559173939703651827632727159125940215648256298441863214385518584128184271748457672070439226266540048384175266832320472749093493968682533870138888029337781078440765733137354177643003745880959931199665216698968377736678091537604223369740288.0000
16.0000 50834727506708851178852431365753063111396359587902771351554756381746833358570008717725619247555559172430908844392000310084358802999933133494879790558412637060449458633516008519873767001752844269061769058037767527697323890167895937769827409561326969895931516506921080754989812776506495074304.0000
17.0000 -53823633961270736473332458533762382159843938994320084370665605151115240447890427644600253256346690465533865433204335960474986807501599322657473883818943880160457881981600417281712481355049246570799920040321878781044123174310648498319962148196889410480128201843395998686363125561413454528512.0000
18.0000 56759332720490698734513746194911794788398152256318810808454004845713532831303588593416695468041138626420815676717085429108916632482872684432857341984282672118971171535830552713281461745615791661868581654627609811304918874606515107163169734174284737010094293662640142832669477498423234002944.0000
19.0000 -59638985334653879569523003295290947350849598857590240075466426260336268043187074534265344827948752690853490768530306832279184483293093581952688421340339595946112475576990324042073948479442401365549681592841159300855877746849125075388577933601740587018958963346643343315153156971442923896832.0000
20.0000 62459817452379087321992955342313087959069378736343323990075887886943591731053347930289377472644079273880095576137127263986767807531767744433891206094643736176627443933699915392943530615448320007817770674670776006166068295411059671830019907841283432507506841180552723924400901662181022498816.0000
21.0000 -65219121404340424149213590554528286147735373095345396193939677536424899356670301999668914960856492343055033338470543824577391721932419315937085725594144854087622806603048341349280250581332135423783486827600964312738027087145919732862737580930241300651925375544157102839561845092381496442880.0000
22.0000 67914258637406129322530066350110533188630745414496916277933603483722537159787198990863474088851300483790252974301978081618431270356753774847345933980112241198344113687653410612368120442714038489469499476542192503249807218599660319127221767697761091068205741058018244602060213853899144036352.0000
23.0000 -70542661998451834392671235652512478927189017912827405556457394243054089774893113432826558669083518808400693054292175143127268033932419218315204350637662648553576282572704443315241412111126980151444206377385266042473067775045394215918812902417765757630960641520864574171609837135413259534336.0000
24.0000 73101837867978124473023880991407129823972059086587214842520012629216551936416072589661270399249421695617016310819007786881656951952062061052803645681550880439828366331022943571551331458237126555577640730609228603689950039928643391605357830902400983166563520316588837698372662636026206879744.0000
25.0000 -75589368144512684426150902142497903390856304177463892030075354259082624010466405997924989075312734401267393799335965115010502314810984297027211349028364349853695278733027928118992744840704879663178728161482625515475259288801117485038965869589995242918687786865040854192054498662960829825024.0000
26.0000 78002912081600852325003069796372774603444656735046228676117610343153806873819130542324708960851316363712906137632912091794531896527072390946161175822259589624258185404255075405836271369602334967995136523706466527106110899636565495954159358468603593420356836898075036750742890016967894237184.0000
27.0000 -80340207979979046295974844756727494433091535284836716736848646439903919767537821914218875550088096542833856272220574632899396436902390238123172770706974778604655701854332640262862837590772075242976559074006108351186328539084511608886586331489053747494153307473058208209287785197326661844992.0000
28.0000 82599074738273372755432912452117714549045167891329240864786379263248910266020700676305449402405153971852323852722897147109728625783972075549648342223228170913797058796542068745005061261947570202539024883181658958434928798591977777081848281283929680772040092090544753516480278259434973560832.0000
29.0000 -84777413266269084942547459515477445566977501106555614486842906137700770787696793079236850242253254869689465640815841116045882896351438430964961197409798499138455114846694000817821043517193156587867730943735203798674789037780116497301557906853132509489127003630710963759776981195303115816960.0000
30.0000 86873207765446230994616415991244013078509597588663637355720534819425289774330891862826868409736984059025406408507424241939470726517852764282848150410747738846888498776673002007655103259207453660553448658066102638899059252436121490155016661553419690856019692394737358431331070014904174903296.0000
31.0000 -88884526882070715956813156700123666797370419088165056838162149397290760010912520813899455583794216879493518354573155042759813952377039883275050763676427232012687448895556126715178469308037762463253855486226733058623308233000034881756367141374459677004772468744234168556399268077766285721600.0000
32.0000 90809524738660268768682193727163649256341783183170664534545783743475858767433891656850884592809714165149434833036845485335810395224770801345033908932247777890003147033855884968226225732908889925153202931777120286676857956930840688156259530460736140227149638465325145521697950831294065672192.0000
33.0000 -92646441850110059876761900494823047470801235473710679943102903592081718851675605344594761286510368925284691540285083239015143200530582205396175409864718299152975193989050842173258550910590788654714671446467448749553111195556684950755391153051501591325419740784911869306363558960239868903424.0000
34.0000 94393605931159659911363400151446167653428850407842624761927017200943660810770791954125154414266892535071338701709791727290703694394161414216367475587026157524548927031574234385543427463582483263151863611833807372044735854615972791921129712215066036494948922868069428779190899767012336074752.0000
35.0000 -96049432602203874815942112981481876358961098521402990747793044462945464351377480449769141796385634540338804196857480641943724708168542304920325850596587045125412715048007369449596952605005845851722099594585486852006564288779729750131820428520236045789113131414407011642679213699681786789888.0000
36.0000 97612426000702545260656599545895746892757432760652397547348353063750148710202778667054332207462844833790767928506544607053824916438064043973004325708391381545707252507799523504228583563249603362825924107762534722343831989174932845454889720428644511602413889658882558226408788866126298742784.0000
37.0000 -99081179305612662600216920075084691946046490282162558123061612126821736947132556280383795939971591849079615758218073432616516295578626734271657754924908708069472652871261664970990288513776917960185503606192809854504840531162732457750319772653277629658388347084823474758398197178012805365760.0000
38.0000 100454375182366679514349374587951656861427748748948481880681270102237855052113556312609986676705411910005902972411777531678559271111713714317463278889480191696656252875335308369128022913168705657688273614167588925014407555960474800877567939326068931004588370601981566368763128824489599565824.0000
39.0000 -101730786155936127285777191272135324585867963228072266043433469090225655091466640468985538609674591652194272783663612842607672485705093908260659665489851822189400759905207198233211877001241134491528870687880751804880730472211466644064170186011481459315732788403560566176190396004748568297472.0000
40.0000 102909274919462732592331449222120130598834498954602823088966842030791602933013860244125460579528978101737908215511806911502046924612814485680404348387537836195154627049703954768757353574485384740789808401528613794074068126845713952514741222723407640139601809066006465757421074773752972050432.0000
41.0000 -103988794585807748466090976460523050098009738386062391235232944560683980008982878697531205325898228728555757047241364004826933053691679750631665534771099170601981092415594475038278818101725632349351932175360340965480048767811608123259703152388148929922391665737018930424274534342476227936256.0000
42.0000 104968388889158879489814101698755103602390001938979978696787107039434165862056850889468039234576707733950335722169484835824272107705566458026424750563271837208947811117610599416789664354806332242741820067066730402365878707640909579650963709395126136204669566205840357616473295956867735879680.0000
43.0000 -105847192343561132450014632172261843089124487923042205982865424385647763162472232795413125982920435056552580483643789159799674437405640650184805008284854510239641534804219151239356778773032977629306025581116165732435259401241653883282394024556777419191642644832729774803476630776961793261568.0000
44.0000 106624430364886455282084895505623491917574989106986608619481164620073608581795711535229151716579177403515478182834497076643999699997006237215400678232667663426569200596026768659588331150354485066383155712327059474355722678821910052145915833695893201363236271419164321696487350908101131763712.0000
45.0000 -107299419362350855508498988189887606765774418913963846486864057116418493314557872851768560740225439089828144849954925159982306157012323886730883921644296221504385473741729875347243720704969519221212815794126050251567957307415283596479101877142245337428189728730959924907061204098016960577536.0000
46.0000 107871566805213104051424084133411469622434341075002807076208513623408621651206743200828867994189120495891013249201303820225499299033191044797154016170973678446820197441323222635732531878473777395633425124417257898763887370843149217925272185176145792523074516328165756964748315800138869112832.0000
47.0000 -108340371269766298791830409181001134134532790912275495557296016791218673529107058319021478073489438757927520912066889188049660440905890384482906767621490570561219247896577076213428993815207219771621286422767808593893259905927015761130760878803460611038681673570983950541186200811720367144960.0000
48.0000 108705422471155283107859640037071474342753692201953312222013988734000378391681449121202355061433121682277532035451726276165515979458994030347362267430545272340680522905297963686287399162292671917752649936784528385732708326440971976748436732783783897081344759087571983394752945980407759765504.0000
49.0000 -108966401283933054091099237713429486294175898456918917709041246943504461271494921471044374983636293244540062467495299325816504056969886779705629179628247691921521473375449908669106106405257172211220197597554127677875892353310359276197154651984165533873717095006660708917652550054813777264640.0000
50.0000 109123079754613029245920256241260423771174892652880938889173352574083777397061541196189507889325249451595343883773826944740374003573715569956486629659442284175968354805445036559396647953275702733422379145188868598399491392920933441098332370964327862088589642552593402387007534900023018913792.0000
51.0000 -109175321108780122820994346689500050327658270499568579908498829029328738396213155887572512964344418254004714453374352741624805128890921053239162875774158579838900498358322305162100081495274468937773632683664951094566943154078854041246728124627096321716069747698569588230761056298085302403072.0000
52.0000 109123079754612994623609863734302838824234748364048614069994993470823703219028514424088629931804858936186062030272361079359223725474530470722956970091442914924645862258236924291366925394478506651433636702905627747403363520392490186853150177197977745575410484956090879168607097185865559965696.0000
53.0000 -108966401283933054091099237713429486294175898456918917709041246943504461271494921471044374983636293244540062467495299325816504056969886779705629179628247691921521473375449908669106106405257172211220197597554127677875892353310359276197154651984165533873717095006660708917652550054813777264640.0000
54.0000 108705422471155248485549247530113889395813547913120987402835629630740304213648422349101477103912731166868250181950260410784365701359808931113832607862545903089358030358089851418257676603495475835763907494501287534736580453912528722503254539017433780568165601491069460176352508266250300817408.0000
55.0000 -108340371269766333414140801687958719081472935201107820376474375894478747707140085091122356031009829273336802765568355053430810719005075483716436427189489939812541740443785188481458716374004415853610028865051049444889387778455459015375943072569810727551860831167486473759586638525877826093056.0000
56.0000 107871566805213104051424084133411469622434341075002807076208513623408621651206743200828867994189120495891013249201303820225499299033191044797154016170973678446820197441323222635732531878473777395633425124417257898763887370843149217925272185176145792523074516328165756964748315800138869112832.0000
57.0000 -107299419362350820886188595682930021818834274625131521667685698013158419136524846079667682782705048574418862996453459294601155878913138787497354262076296852253062981194521763079213998146172323139224073351842809400571829434886840342233919683375895220915010571134457401688660766383859501629440.0000
58.0000 106624430364886472593240091759102284391045061251402771029070344171703645670812224921279590695339372661220119109585230009334574839046598786832165508016667348052230446869630824793603192429753083107377526933468679899853786615086131679268506930579068259619825850217415583305687569765179861237760.0000
59.0000 -105847192343561097827704239665304258142184343634209881163687065282387688984439206023312248025400044541143298630142323294418524159306455550951275348716855140988319042257011038971327056214235781547317283138832924881439131528713210629037211830790427302678463487236227251585076193062804334313472.0000
60.0000 104968388889158914112124494205712688549330146227812303515965466142694240040089877661568917192097098249359617575670950701205422385804751557259954410131271206460270303664818711684819386913603528324730562509349971253362006580169352833896145903161476252717848723802342880834873733671025194827776.0000
61.0000 -103988794585807731154935780207044257624539666241646228825643765009053942919966365311480766347138033470851116120490631072136357914642087201014900704987099485976319846141990418904263956822327034308357560954218720539981984831547386496137112055504973871665802086938767668815074315485397498462208.0000
62.0000 102909274919462767214641841729077715545774643243435147908145201134051677111046887016226338537049368617147190069013272776883197202711999584913934007955537205446477119596912067036787076133282580822778550843811854645070195999374157206759923416489757756652780966662508988975821512487910430998528.0000
63.0000 -101730786155936127285777191272135324585867963228072266043433469090225655091466640468985538609674591652194272783663612842607672485705093908260659665489851822189400759905207198233211877001241134491528870687880751804880730472211466644064170186011481459315732788403560566176190396004748568297472.0000
64.0000 100454375182366696825504570841430449334897820893364644290270449653867892141130069698660425655465607167710543899162510464369134410161306263934228108673479876322317499148939364503142884192567303698682644835309209350512471492224696428000159036209243989261177949400232827977963347681568329039872.0000
65.0000 -99081179305612662600216920075084691946046490282162558123061612126821736947132556280383795939971591849079615758218073432616516295578626734271657754924908708069472652871261664970990288513776917960185503606192809854504840531162732457750319772653277629658388347084823474758398197178012805365760.0000
66.0000 97612426000702510638346207038938161945817288471820072728169993960490074532169751894953454249942454318381486075005078741672674638338878944739474666140392012294384759960591411236198861004452407280837181665479293871347704116646489591209707526662294395089234732062380035008008351151968839794688.0000
67.0000 -96049432602203874815942112981481876358961098521402990747793044462945464351377480449769141796385634540338804196857480641943724708168542304920325850596587045125412715048007369449596952605005845851722099594585486852006564288779729750131820428520236045789113131414407011642679213699681786789888.0000
68.0000 94393605931159659911363400151446167653428850407842624761927017200943660810770791954125154414266892535071338701709791727290703694394161414216367475587026157524548927031574234385543427463582483263151863611833807372044735854615972791921129712215066036494948922868069428779190899767012336074752.0000
69.0000 -92646441850110111810227489255259424891211451906959167171870442246971830118725145502746078222790954698398614320537282037086868617679359854246469899216717353029958932809863010575303134748786582777697785109892310026047303004349349832123164443701026766095188477179665654133964215531476057325568.0000
70.0000 90809524738660286079837389980642441729811855327586826944134963295105895856450405042901323571569909422854075759787578418026385534274363350961798738716247462515664393307459941102241087012307487966147574152918740712174921893195062315278850627343911198483739217263576407130898169688372795146240.0000
71.0000 -88884526882070750579123549207081251744310563376997381657340508500550834188945547586000333541314607394902800208074620908140964230476224982508580423244426601264009941442764238983208191866834958545242597928509973909619436105528478136001549335140809793517951626340736691774799705791923744669696.0000
72.0000 86873207765446196372306023484286428131569453299831312536542175716165215596297865090725990452216593543616124555005958376558320448418667665049318490842748369595566006229464889739625380700410257578564706215782861787902931379907678235909834467787069574342840534798234835212930632300746715955200.0000
73.0000 -84777413266269084942547459515477445566977501106555614486842906137700770787696793079236850242253254869689465640815841116045882896351438430964961197409798499138455114846694000817821043517193156587867730943735203798674789037780116497301557906853132509489127003630710963759776981195303115816960.0000
74.0000 82599074738273372755432912452117714549045167891329240864786379263248910266020700676305449402405153971852323852722897147109728625783972075549648342223228170913797058796542068745005061261947570202539024883181658958434928798591977777081848281283929680772040092090544753516480278259434973560832.0000
75.0000 -80340207979979011673664452249769909486151390996004391917670287336643845589504795142117997592567706027424574418719108767518246158803205138889643111138975409353333209307124527994833115031974879160987816631722867500190200666556068354641404137722703630980974149876555684990887347483169202896896.0000
76.0000 78002912081600852325003069796372774603444656735046228676117610343153806873819130542324708960851316363712906137632912091794531896527072390946161175822259589624258185404255075405836271369602334967995136523706466527106110899636565495954159358468603593420356836898075036750742890016967894237184.0000
77.0000 -75589368144512667114995705889019110917386232033047729620486174707452586921449892611874550096552539143562752872585232182319927175761391747410446519244364665228034032459423871984977883561306281622184356940341005089977195352536895857916374772706820184662098208066789592582854279805882100350976.0000
78.0000 73101837867978141784179077244885922297442131231003377252109192180846589025432585975711709378009616953321657237569740719572232091001654610669568475465550565065489612604626999705566192737635724596572011951750849029188013976192865018727948927785576041423153099114840099307572881493104936353792.0000
79.0000 -70542661998451825737093637525773082690453981840619324351662804467239071230384856739801339179703421179548372590916808676781980464407622943506821935745662806240745659435902415248233981471427681130947020766814455829724035806913283402357517353976178228502665852121738943367009727706873894797312.0000
80.0000 67914258637406112011374870096631740715160673270080753868344423932092500070770685604813035110091105226085612047551245148927856131307161225230581104196112556572682867414049354478353259163315440448475128255400572077751743282335438692004630670814586032811616162259766982992859994996820414562304.0000
81.0000 -65219121404340424149213590554528286147735373095345396193939677536424899356670301999668914960856492343055033338470543824577391721932419315937085725594144854087622806603048341349280250581332135423783486827600964312738027087145919732862737580930241300651925375544157102839561845092381496442880.0000
82.0000 62459817452379035388527366581876710538659162303094836761308349232053480464003807772138060536363493500766172795884928465915042390382990095583596716742644682299643705112887746990898946777252525884834657011245914729671876486618394790462246617191758257737738104785798939096800245090944834076672.0000
83.0000 -59638985334653853602790208915072758640644490640965996461082656932891212409662304455189686359808459804296529378404207433243321774718704757527541176664340069007620606166584239841051656560344504304058124761128728662608781842452792634704691288276977999634074595149266450901352828685824829685760.0000
84.0000 56759332720490681423358549941433002314928080111902648398864825294083495742287075207366256489280943368716174749966352496418341493433280134816092512200282987493309925262226496579266600466217193620874210433485989385806854938342293480040578637291109678753504714864388881223469258641344504528896.0000
85.0000 -53823633961270701851022066026804797212903794705487759551487246047855166269857400872499375298826299950124583579702870095093836529402414223423944224250944510909135389434392305013682758796252050488811177598038637930047995301782205244074779954430539293966949044246893475467962687847255995580416.0000
86.0000 50834727506708799245386842605316685690986143154654284122787217726856722091520468559574302311274973399316986064139801512012633385851155484644585301206413583183465719812703840117829183163557050146078655394612906251203132081375231056402054118911801795126162780112167295927389156205270306652160.0000
87.0000 -47795513173176258570177045346901224194477216292115670944790170376206771999202389046864557180116005555306252995392484729148409039883283246014079021864048857236774962910066664892471676763435973077396472506068647802518637232957845202319859235635168612280332330771000844264291209318605275529216.0000
88.0000 44708949266585958151612520934701011014071330070332508585537314462685747769070484679291343235937347811178800390467933003138617125404151554613015207995708618444890921633805822122278267247241032590305472449925399310000206880754102007764587386993174729620095752832329689504741127370698511089664.0000
89.0000 -41578049563248068451038357315274581521160301166076559166157684283222520845804132736828660159552968149534481244965823088155055760623054436005145843014471678027563077903022008265013824842807977785833873897216100703745215318340166035735283696731454162426185883942344581571869719568399397289984.0000
90.0000 38405880152984619494910305821770680071886150302384690342716054544536707312911440153824021704286480385422441419617011547211960232825484997838250223602723916730430019752963487969737111540676882151644005273634328649366992863061588470277847348195252805034630021258124035460596506835202298871808.0000
91.0000 -35195556149656610681091094897790298526546721170885380030699981676925867349513012239834876952311125164440120998547187830827760501276447823335366186725720936315107306611158308553825743863773855640175510077794082963503880896861552507160633227462655867152978410141943353234616850663184911040512.0000
92.0000 31950238275098602561696196395164006437688186993621046652970597122191711037260971599251274654464822121671539531833919532664032087402719688420765760041411108475286553197966304455364431352048266787510760365463578020444512074790668440151260319303079446781647271479411657927437328773062263308288.0000
93.0000 -28673129323266943918590440625196499122901658213172092848147453882959941511641038810083684139778935089893311809333620811634116139596023090037550884280524632751982828295483863714342551471413210955669416960823845415300364976092512316765176252145186985474566766177395966758406465083839088689152.0000
94.0000 25367470512182362103526841061390420901616652592763445837044880642935386679034560209649161671826051796356627579236998510240549879710515263143479918898823026764286042337023102930563922387057356543433586521752677740903922663157641417353214103243991749081585439051703588531580517338484538605568.0000
95.0000 -22036537731977751240898578186473485612211915831892083273219477540263318536877681505178199829607170809536834800348333190252225624418571725736714197382102401647864210157256577289953524316767978968908462844546698929206308525318054520236184171586575977908863289960578128909094432456008156577792.0000
96.0000 18683637698043697527125955844661125540470091839281641820784541091213406060043751900626361577807839277149640997571475195335884778018651024653788377600124591820514106634047181689175672256996547564864842739935892508957050901369630189670643137068063965602803905775620926750726562012143347040256.0000
97.0000 -15312104018889168121502503879113361917148215849340765546857423282712813754039932213439531615056075582795720558823632031706313143574888077348455856811266022422684538591198689573181318305366190567100765569245525994624309280417233677771778877770754861023323059306884275115095896293146923892736.0000
98.0000 11925293188900774014677109260294812128077247218627792131833975508410074098260009027611418408708812887404455695123574443041131340934075087581979101343363112618929060247576663682687976420633664176778007949554816174339775055297226397854614038367056922004382595424318277916786052842013795024896.0000
99.0000 -8526580516682855509084298155830664293802772234960369622482187794100119202385149358821552278480145538580484034721076967519280973224598769650769796711145186000717579672531030680838389611119600971490273553635861216862847192642519091239779228239343671785021075026107723947196840997074363219968.0000
100.0000 5119356000091359961967173729971831343827791508397529742422205309247423455020952801670560295987891687340704422964348655628663768735328699205109183349798990986712493034272789068799409919063495675894567557756874888074739365786641950149512165298873773381496424143856866178719634255945108815872.0000
