0.0000 1.0000
1.0000 -101597767647.5594
2.0000 199716545586.1011
3.0000 -291073968564.2790
4.0000 372765511874.5903
5.0000 -442416428282.6140
6.0000 498293424785.8167
7.0000 -539368994204.4205
8.0000 565335763114.4946
9.0000 -576572708838.2124
10.0000 574069148225.7533
11.0000 -559315602573.0769
12.0000 534172716970.7512
13.0000 -500730231602.6477
14.0000 461167597485.2949
15.0000 -417626368010.1171
16.0000 372102252611.8798
17.0000 -326362019499.0883
18.0000 281887620831.3843
19.0000 -239847292560.3375
20.0000 201091193054.0434
21.0000 -166167544149.8082
22.0000 135354289161.3032
23.0000 -108700964541.0931
24.0000 86075709075.3880
25.0000 -67212976497.0356
26.0000 51758424574.4115
27.0000 -39308478512.3638
28.0000 29443080700.1179
29.0000 -21751044408.9012
30.0000 15848162814.3571
31.0000 -11388757446.3130
32.0000 8071681635.4829
33.0000 -5641946113.2717
34.0000 3889140459.5622
35.0000 -2643726144.4192
36.0000 1772114495.8746
37.0000 -1171251069.6741
38.0000 763234105.6325
39.0000 -490318167.2225
40.0000 310505899.0362
41.0000 -193815678.1448
42.0000 119230391.1304
43.0000 -72279004.0136
44.0000 43172661.1293
45.0000 -25404897.4545
46.0000 14725654.5136
47.0000 -8406453.6954
48.0000 4725638.0276
49.0000 -2615420.4853
50.0000 1424871.0759
51.0000 -763972.0299
52.0000 403048.3470
53.0000 -209179.6576
54.0000 106773.5750
55.0000 -53590.0136
56.0000 26440.3611
57.0000 -12820.2242
58.0000 6107.2133
59.0000 -2857.4395
60.0000 1312.6745
61.0000 -591.8809
62.0000 261.8493
63.0000 -113.6164
64.0000 48.3310
65.0000 -20.1473
66.0000 8.2265
67.0000 -3.2885
68.0000 1.2863
69.0000 -0.4921
70.0000 0.1840
71.0000 -0.0672
72.0000 0.0239
73.0000 -0.0083
74.0000 0.0028
75.0000 -0.0009
76.0000 0.0003
77.0000 -0.0001
78.0000 0.0000
79.0000 -0.0000
80.0000 0.0000
81.0000 -0.0000
82.0000 0.0000
83.0000 -0.0000
84.0000 0.0000
85.0000 -0.0000
86.0000 0.0000
87.0000 -0.0000
88.0000 0.0000
89.0000 -0.0000
90.0000 0.0000
91.0000 -0.0000
92.0000 0.0000
93.0000 -0.0000
94.0000 0.0000
95.0000 -0.0000
96.0000 0.0000
97.0000 -0.0000
98.0000 0.0000
99.0000 -0.0000
100.0000 0.0000
