0.0000 1.0000
1.0000 -50623185838568496430852161323582688738845318204557332950531551268485875431906706696884554003077376215073859871654667361419929171463909266190252291858429114322817980080021781106214184802310167096201543162000754231001524746296518920115927962920394837431675643197289538636139538506330406912.0000
2.0000 101157639213701147717121168411864122440910900207494591393697226079637223892930894410588111281646817620907624134160221018246133952229827143423762896196323597820618543595063465430337799268511563604952840281029845199058626319733491555367356647578019322441818145897598102108173392629098086400.0000
3.0000 -151514883800522278098472533448217377781822556987706135433280437264637404213978870030087359437104590781975476750335284305772339299284306059701763088504944154181005119483663084207075838025032812691747332255807742589100717729294631888769741130698107347552593018445651299239903265713681334272.0000
4.0000 201606954492998923746829051891039480877405855144735037444193222343953501592196026454134288601376590234231325424833684249509343450135641181254913180133513940477797632474290664317662333291609476549350567691616341142804240079150229293276444785587974838521424586950312198409043759427731062784.0000
5.0000 -251346650373169975301533596005775521223419101076545520819271821976758803594084675097015550960301083419340803582391661826036128282641614138630287674977334075886634890053241816358934993428922048833178901193579072963888387482758703655307818893466227587162097850504046189201090943965538025472.0000
6.0000 300647784527519931932085338831710923880680450309155600306640314120728716405425725729738303262393971851150203686973054255993624373267768554307290980253003917435989751346335415383303263164579661180794439864077261511552264240789635288952285552245233738744373372240871963058930504494363967488.0000
7.0000 -349425429685061919117864055210416503212687203840697193316008110520950335328128945966176578294518977313647182937942747340846283900714509255007346907936641541617397889902660640819133734623206193453536445229258341144758294945103140543865819049379099472674042758269149265565829552936386035712.0000
8.0000 397596158673360141657668243497875267173546314016857282142595580750096279101375973556429895037388293776466693502744412774726167339139400505511068426140047798349315567151262960141427972485690744172601019800814169990999253103675849511182563408773917678846445669595478903021801022404014637056.0000
9.0000 -445078278715546060203099972697962256354706739161452510679858664707311009412078572131442537869442899723648959249593109351900441079358024918601338693660294738381671140987532437338876051822965700283232187320971213521355927581378793269655747290934133838236788878023120500171634383834719453184.0000
10.0000 491792058623188344765395880730814748632687481206847047068036224563335057286027584890189753116174102510508413979274544228609391191724434308690350268655657312215256753701513019445949080632061132259641800463066807370392000730598385731586074441393437376929292991397087392306711028648021852160.0000
11.0000 -537659947976478864791682213406314720444293021178192684434600632275507834962627915703393300069013882888223261115967297514509127389726848806885136310390238853038707151780273967807516055640266394439292148491188415621266138498262416745697618773542485468063060983898673997014530242175479840768.0000
12.0000 582606787424350662935625215148979876539230343162940326296816260161062732531240165070645851140700126172894722818189107840250607403260016875783095386021153658142398191177853474580897920859581273918137484707938318707053711678049323334230154894071935018211594273891190379340471587039235538944.0000
13.0000 -626560009282597543456810988617472244510095429109508831385494512610137365653640883679819779234208540890198404286045520532237025247573270731493014970074055524182172605396424886126347249280032794746506404807867140027022217239982571389927552320960034673762562925178145231025969811561191047168.0000
14.0000 669449827657540221544931375433398274415632082848226615730421461977699666081856116179366930670780591953223229445740854948510290177856351842730865203523335615542145195742899891547226265219960332877074161296587921236885217940538354389430564494350477301538043470731132074043241106748947300352.0000
15.0000 -711209417375961549489943594669400758492049631498312097783953849966663664524739170637834806475820011424122759359798955353577472812713493382420151970737024962048757844072588022996157473674427329705200418385658123463010205570141401427212838739648490216378202651677591279247124414305816018944.0000
16.0000 751775081058595371328730086016100890224158914183312103804816723006902540747088295717982801414410592611351746887457139577933047072233050584212333848515990652202797965384442691170793937997192086025576629375354693427209544506062606550284152006269111552786431300554520851529689635725930135552.0000
17.0000 -791086403734042746329688571190537518204940145884220490252532103382926518120361568887937732928769781603673381589894212803660031762488946471197156221683919934383100844682119603532104153330475183908194668115208094605124633253563922651192880370416079780581944793878145220994748661971082543104.0000
18.0000 829086394452255748753406490871337861474855507028420037497854262893976730389456281650086783771962213074908607138190988339881759462986928606712810881612716972184782131642075513123204111264994427211439965393635895612545045536493714132397040793756845463035924712170165815672236827743782699008.0000
19.0000 -865721614421272882016405245741772889002300133304627209461052626940914597942530931859023962390831536242189240148220687841371237136440227861547827670767078561183706980278040788995102766413724755791599276648759520100169026636487100364606514881665093194434189119242099206377180753488299163648.0000
20.0000 900942291257341246121858165616760573121763008999574517466697445408961909263515216480450555726411996063162821518990393300940756259372453742661821958485160061389368577417442576316101298898896474083936224727778044730090875178701351148895959034760064426496096351968972221169017146999847256064.0000
21.0000 -934702419006517159864878810393371627902291436336719294826918873391255714665548489083369826505333659735365178235963212438684168733498382965463241616224211266526337674678089652143432090891973624477938654835280139347726039788784442666481635623960819847026232759447146118188671116925762273280.0000
22.0000 966959843664890055450631567625144485944757320343109389303017835039252908211952014930850045342105958767093424352638513522212967471914184875540463673742053404892002253113095159741438026391527484893994771413401278646297522009331622720778923249382524368968412379822897154748809758926950105088.0000
23.0000 -997676333994314074792423299599632435679876552819818536504116368395748453850814190670284537677528185444895632074168142073716391123614059989431078472664753376524671501782529545763150025619746882136441697696644388462017911305680474977333973346921686170704978310621829329496873034780724166656.0000
24.0000 1026817637500593017190971977538413430998569881022163698839320831262783086293654479978043667563092073122609123368247353483456108125047286436661790099739477177515314270401167530789522733941232955114169612455760091135331178341233029195087411392633758784321125907214363096837486178384725671936.0000
25.0000 -1054353521510960917312321046499769110641220438104922016275535824620766181258199722559690569542439106711788740657777055515977431747672524444792094667235628828475580049351499488209817035698649007894409006206097763864997134040661832603781748606700134204200093655109388606443904224231354793984.0000
26.0000 1080257799357147477293238392267520478742428964901301533944809219939554033629350875127353044921748102740064289480715867816972153822777619714452982107192197831575660769323119732170426860723074674161926812730229339246168773933955654941995147581123074720520962771376228879091125460947687178240.0000
27.0000 -1104508341738830395550711075009510375508942499786442616745712744760183842924447351615155063319017702534141671995084558542549303528271566900734059072898572782949055609755173546995702979842405718542752069517380063423545603491212549719512145808174530771747477116341678198243862086374643466240.0000
28.0000 1127087073409529255618992023025254702447848922512926795621581476396067551781967338392372303046708375556805091642368011787279280824786079403707424285583371635961267578403840241297477015556816138626329169431033301101245806140531282377096145722127872677043471443608190907785925703134837997568.0000
29.0000 -1147979955392624391581051349689400350789388237629484843976763267026808780922113150704449516127454895434111137154949326044050843514978877528441942530090215570831739641534140577080956754060297396305592516441812092998680485358568261149900651093844297122717417536753463985457299836236810158080.0000
30.0000 1167176952998819817919312774008457191534949418278862263691145450227035663972996307157184371698763548018194782547231113446346454928318256508494874253472559820701661466233173874237735810288386755167796789694255392650539294999964177623733129224900015357460654068347994200247813565851960868864.0000
31.0000 -1184671989977703004957681642030611122424399174890720072306208534688268100578946797421722287977534429275545832057359794324549388487681671672421692896697318594311782188537836282564155814395659038116710575267612268237930205173197922237432121365971343433280760389869748021015494417980898410496.0000
32.0000 1200462889194774666196362641524616640994497443306100991227303976707411543526467077226656099188511503088360428174257075295283469548803970656314376045389754231367574091616200111681656734328222002680842913523443011590013330724634160046885552124791057179290060719903826719993178835522766766080.0000
33.0000 -1214551300281128425161487483870700695846245009845307779079517225100425487850438093977663127518661088941942346319714459307745727753767787817117497421847915165973788122805164451097809306641588639871327940066493886304879656674937157057371522820183624133534289976158283792730622349994344054784.0000
34.0000 1226942614755615624249377021841597348637044336923542209291885611382372357315127600296761546854020419857762700355764041408050727594916762032606590825470632161788423994369542821069073535928081613910143554878228048229181879635772358801000360470021545783620125571434223712853799834445510868992.0000
35.0000 -1237645869168563057693207253446718129601778556499792256136639098139204652354796407736166355486178746578129840451279112868365447105308523771446237125783665054716604283245803667550832521594849006555287405455378559307248446174832065099430501017611309779773573467192313661479885620561529798656.0000
36.0000 1246673636861752271454770958848819273252122351856647935322019771109433415596240554904092776230350402294224603149135135028967678842581461917219050927417107794840642302127676844702014005137305611409258009668141241455979829717541453663457717892058545282385698367809072527503419951012835753984.0000
37.0000 -1254041908981186467358376497800898813245407242129298177924005832049273891358697053160032024515232660433312262954742275908576312278936890621739665733312830978368601675561469646607881182036508347820438439444634370456725750336233454652090858362311880822933078548681464180569721578739850018816.0000
38.0000 1259769965417037307368130189685349304411390553561714329223718526701461172538391706773023659630071090611524700631689548758386871860091338021699315674125894188428170252416285467735747554407967378440266881370568252831351876733491068515218280868427668350049501804914360405524082247088069410816.0000
39.0000 -1263880236378959075668134669288786007077681543408084909193408250939397001741499378091868800819290869940585523547648032763980421467808900806301656754418180766148794683562799047963338891461213856979220763360867768968209623544770343674857104914505997989012203555905563522965035677374587338752.0000
40.0000 1266398155344538498376933655523518609417309729399837463359221321725493744770360014449390609963391186034486980449299694229478151833367591652096289673766104340543527474062756321554709848419752423422270837799399764303084622080315270713199913066328639418237537906070367385369595853208975048704.0000
41.0000 -1267352004143994621559448107134573981508253736897125079001206325591963505144279637107375383420373631221976913682633705276574783255480139568665779477504981600388174119247649169608366805259287976434031341013469381435670998986058354985048997508611131123486848704660052952494423640749025263616.0000
42.0000 1266772750965276742736696599085244985728344195993987867803836048835802162431775587146263007325469700412710022976425780286458334326437254743614055782199476114261464309043344957746667370899942249625940136679242044506615656340734509367991928452076241117339971860356921753310298974011881684992.0000
43.0000 -1264693882080426098250774667536759357035187936242241701520811119339598175837161858101023050219246531518622695466085392088983871418946394690414540287874955092706645971964535411479883162703027619890735467613498093618608695870215376658443064829269313442361100240039017701551130218860357091328.0000
44.0000 1261151228106488303669479625292474646253464099768680442753901645469846022864490879648696245400523532215225629246895339537711594864093185706965619239568310042971016187163272291529244854598246178251921210180458000242684897547345577428368613173739534449922954563833244258403269122556350693376.0000
45.0000 -1256182785622401951251606016294316809609609687208530721058619847575630616770223733615706005037328065221824166433988119266056863440550042234266680703608526905773307371022747335129947464433086116154682864746718631828209199062754830165652262779885415725830936236449947961113789939910969393152.0000
46.0000 1249828534967261137637877168220840424339529439874366230006561915715622316774056838834714015447673905691498912038651202760213697581346896576632471021214922708252952990868229931557793058133231699551837666958553047343877997282726389308134188151839439850678847916011226722459112187345661591552.0000
47.0000 -1242130255045170632670917055315028862738906217775008596646181340068126005482772804421565776411176487419299628892659547366376707160296016346452316723754227920571740915775120363906926689483554616602874885932190029231469252077159791232054551364424806341269311927173734035850582673270564192256.0000
48.0000 1233131335957764755657364326635518566555590181889029552296267762119728911431729062020507880046986428905793355168915078017299168056847952254752322133823255424114138148132252090022951733431405100309012610047570735577318143594815424852322018105993100954672621431833539041538695664979423526912.0000
49.0000 -1222876590277451099778563881995532862541569892287821709163060669411086900804677557696335730642551480195423880586448880119450086142152974474179521726594821691318728488416790651400600351584487040433525888742241414522630274806855881284369176150092334155447806886097320639907614198003952254976.0000
50.0000 1211412063762700847752012046087058555691385624236568706959712877005268643553585847041159826017179849547876250066591661172476682776504763344614818585703453928364618424861447542933347528910701655358079711710352262910730382960279681586478685211028804011482365579344719136309489657715204554752.0000
51.0000 -1198784846301444663185434593665565716447581251732753526696903741529970466408866895374099744417849642441677873550755649144501061668361913548042630573100473616512549654443548094268335048386537119691661316939611423993504967626065580875716739842776672462342057536770124802813866631999113920512.0000
52.0000 1185042883850045830146999588738364954459765735600461547731520351881029032820942656567437755271307286854342751051745023268304735540442427053593086193396670228689184305320345269250637431077141214523681718864786878769960177327130450076001120509069561461480360781945381788799969084831275417600.0000
53.0000 -1170234792113547720349679509715129236311781288919700306295673760277303967016998579979428836743708160792247121633524769949477250411282729915017223748044968074952764953695520158732225564346210987394459180226400810023660590883745677037031330750681096699188778527445879046203752601773854949376.0000
54.0000 1154409672688241447104912207948322017049756705326435389911720330937078115083782948320339074019441641183927644730441604061962020407037151935857059726477084752725679429413343416311530773544921485876409920390606199308565664860395774731191113790218564086979376067424630452798078268485809471488.0000
55.0000 -1137616932360231846026033233693100494950628461420533761030326343781472383701115200990930483036156591270545594470284921436943713076897340257305280971994264332490908215177009205996749297053326741315787454470862890861530005282248486576066656114584986799633299870026384003235241090254651785216.0000
56.0000 1119906106223834138469611358775007874576485844772298983233912327915333985102274738190620376620738766318127756999598779433030620949706120682373015217880898408280971685769561303695270403911628033036141457786727702015471257250678204964220329537466444884419122338745405863185009158619104542720.0000
57.0000 -1101326685251627471639345974651334136180460351586007794153470079651233961431255067087176534714984528808201274548304974188575244753915147853909467696792935872851290323956546217704963445195751419836575561981608966954249245574523672801245573363915625294927355095029277371846690389716031766528.0000
58.0000 1081927948913949142583752578506625730633007603695479012125157039374274310693294483151557708455740988087057224654385147140965372699286864035979441291093165914589074007373140653158353192948628910186877114124769158707569335941931201277736497515350528623560766873325088585883361213663525470208.0000
59.0000 -1061758803409920280928787330628502581529382082376591298398231080104011114845381149498196820261377776049819400522624565128038467161577870562764272505518213806340631532872854389119585671730146508838235914239751139186255274871859908093973630309913431428971175728528395432090765784549473386496.0000
60.0000 1040867626034875052001416628366728947881964358968988217619683686524278014585533450284257996699779656359137258896095135723513450035109023562529630409615138956936460269119284882176318188353537334060680542547826585369181047611955629709059421655559561672398181184305523718286604980968419753984.0000
61.0000 -1019302116170693914073642098931936592396343017592715496655298662803389922718321205138211603724620207853532786417108900432087091857991922066148657135209576556661325519686661980958730440930424663741863975661702927552400318481621329344118441411730267619767834783225066646402070653836376145920.0000
62.0000 997109153346140192282618729716304552853973265033881006234880275585914948326094594160803359489758083431141692864297636327664786751538994501868538269385175853816192564002906609817652847175166087830782671315285425383864084774174639756678763013834427427491054004872296081484348188457535799296.0000
63.0000 -974334662774230263942975675738167842259512014985259425729759581615495674370149945215653332613084955639266751997019766759069154278404291079833477460496563892218739816167966397198528300193857760818257041126944729376675075255935269714038156291292824328618152531432467653940361672141708460032.0000
64.0000 951023488733063118264037012732053283565850058064570440525810153972221660292440956465424461029101084907509851732041246673775204040252487303040014089290296225794240424753743695467872796863938670890885316736512083717032296049680503898943787423202825221482333782642853561341816292122963214336.0000
65.0000 -927219276115701284218277045461469357665311778384065552378613291581194005423962494008406639786418131933923284164211295922950619418727660946310567986452165058840123881024271823018928772504793269359916745537694406031080467440630198874002407231313596591259155591959312384520349775509399273472.0000
66.0000 902964360433805089786594298081530077433208257443436982895988124524441233937784166705342158392677933765211762789746030479440335535291675695295343509144169159580003058133953308004934206088765597699517514398805176754232643035125562475905227395316048489247003751412580451189650584467526385664.0000
67.0000 -878299666519003673916400716652533975020547166739049420044487288898919100086396673083459133898849332780206791762073332534705176387326470129013568668086259616612146856871012939154879339833374686862420171370088107816083719211614382438386956059718574943392156978435404814979114534254462107648.0000
68.0000 853264616125618452018459091585814084170251212787273959158560957176370632564998797180247880441420536874638930664354680532531708301618029548195641967098393971762767400029857546127994751919111065401018965429443032907783917667620160626933933958941076803498753517058297001359510731607005724672.0000
69.0000 -827897044598555984302015047868369093038422069617570137932556416824226093604253867744745822707414949823290376627067101455150437011593423827701160503680984259235372242233387266056159872464393325276730544237498512827140978914659160045638848934601405697233494153137233176672345177534805049344.0000
70.0000 802233126731077374600834191141799354338649277460791906996564765526758162112001593245390960380714517938049045746370529605451932694189398176989039075986826564190723881600077345489048862842544219293063661162536071618382673136550989448349602238917417000917834727197849754845787652908050808832.0000
71.0000 -776307311898940198088624740803959843218743314757704661361237233969465600420707738673915586014679866965159707281799366563853853898476327737397587446733729434002283554997494214278342995907707401699815476672735522028258919606868032351899361074802041730715770113492792698621941539637081145344.0000
72.0000 750152268520178206434583548361557433312471895205659453513012166071376444752742659609789880980182223965852080135122962073697594851409734832963532071472827659748399723312964532397361941869603179629324895339600885006984506105182576493460396834070488183455166054220014616646419756552210612224.0000
73.0000 -723798837853731955332805880912957065595818531364137313575791834032407905531155129028323091772769643599985755828006195046584790563697689252179240627034364572301395034574836562179958772032982705904423050289863393373932635505461239435362133950322203096967474867261456822452899604786837454848.0000
74.0000 697275997115298713553840540706970547202769530541720206610064673993343603823050478543727780599352782355698900535269747447566254531643927474223581905670027727906548031530877528939599034400512918798554866999450824075154692371041286020845424395264249294971065768877355846450427504582075613184.0000
75.0000 -670610831855295513009716522220577607996520894330744495818918820251535537825512376541710848288164056074378135182421780676936614598008297891379085459833260738674833694034523301520482944315973591830076431870796963598090242966501605306958165618272489099832642024943642970351166698184530460672.0000
76.0000 643828517511768128439906141093049578924475502653602608320370405664091326173567535272052036554742594420365606817300774900359683046574598067597454018998062061957317272802546397527533664649266651925620185762723531249199573745902294790714494422380240736863646276815377226739697424776285913088.0000
77.0000 -616952310020504299894306569639770451660325274420315351506201681788395447012339635668974926677463739630957463386027937417161433400524527401104628037348786849772649983068878499703250949703963489931935872906739444786859891716060209087067348805935480678761063820221714869817189856279512743936.0000
78.0000 590003545335565111963507571338613916727540478853383930049391671403093602909468513814783091371500108392254305420209309879284883708604120959279043078608848343682276398147752228024457949176395746770590542046673340441180932516403883711502800802414551743802977469917732571738137424845558775808.0000
79.0000 -563001647685985175069856892324445747322533356377901147750813929105040437912003504326168107990491052703907695166090647314136352704351184916860607441245290673837610472415726273069991376963963077729213969031348118906284398132757319131608437332249146109134903765540575481402320031270100271104.0000
80.0000 535964146368509034137936475700754068820746186676445394031848330712295296310783696894644167958096514514227398435231496170204514921729386602805457612288994994255742138626274651685472714446975298904458447151169703865425379854624354085635259484815623089896499990351190948495249319904499728384.0000
81.0000 -508906700851949224202117833673995489596077809390722383082176950392711077582639177415958052161789752779411600027804476229863443498990153389165346726640150065308832504993664053547558375192658239715028161587970518367979947967235994108468604274520998387573026986837728241860236826834093735936.0000
82.0000 481843133946071277198873396787498098308332053156514578585885342017545832326293648740658557536521357680924406175042077402403986370582113506645462364423054359627135255687471449642455326578440299664365953269065954790799530251103248566024681484197230239960014483319223884543803903271363411968.0000
83.0000 -454785472766793538746490947089793758509114358992378839348584996548032779988582017798760244972696974286194427397017016494990073425216348120497737262339034039102783845631117652294585457466851449523991887282265559665688451044460643328275007845841237147917139128930436704739174037196822806528.0000
84.0000 427743997209938462084869557270093207556919968174357684893870229348378026878966632651357577822699911406509064342216038531003533253135175184984153512259944436097538369379301097706351249036799227504684588695505879056192110712492750249095249539707247890342951906266102867389786353527578165248.0000
85.0000 -400727295627728886249480401235798194754032303156567476062915471300505744098522443223684162119644354215294430642887495768399291435585109449036309899539682663902854130715317846519326885833321092220582710527623341725829403722956164522035664253754493466480361733959448046338220088593542545408.0000
86.0000 373742327385652716567461939510122660883676967437944742595759129096189589636683893905292290336864652303575018982843977292479354160713585791711525544979262588307477180970507176283672517879699356353946399539400071124727168367138533844997164709127273054010523078159653349910494219744458047488.0000
87.0000 -346794491962174193418096749839026667997524505557092531514444482506401240808956224496707393169256045050858918286686673353924086664002245305034320504969418980606959988206920204923816467102062262782528004073676850028724597502135982988015896945165528694955418187439133282462357134336501743616.0000
88.0000 319887704239986130740000397003614387057167480970226917981343298881339270946922479562653747794454277045582725528680655307432505164019363883637861323617070793829112771943409807775643105800856943956319221905817023192911726057056028188041197845903634325901715584636434670722731338140299034624.0000
89.0000 -293024475625015013301954226417198016419809327173990721495749665277428272903223341843032141537766534911193296839024923290164540880533724145189395789045629345018025634224348113406017306679329297209008979053542607896737256274413952980301378593399758055620521192909572409175730215970332999680.0000
90.0000 266206000618154110056895846173398594945030264521168334984172616189304302174274340160055502087320549358650050426406418860365174408287051456286249497154472778442250102506702014532873909623771703005255851145019682156128321525803547644117934539327929926678717790418105255265759208113019289600.0000
91.0000 -239432248454626088630061230222617309006849380567451516098869471277868384791080164603912939448680989418695990931681434786593153732020146717128262481525180179196171570662109863458242629771905899951147648755256031033991941035610559442910446894578996060113591791612047154562544399429901746176.0000
92.0000 212702059416909640465713029435164234496408572157654726081527250996942221711484113894720228829384822979471828808228872015022658890144559764912178905356728918345002127258322634548922758549935416103831024509246987844654369732830698528789120568536170882785037985494202982292378615961947734016.0000
93.0000 -186013245419235474670855723053439041162383446373201482786416431540302544283837712281996982496990168138119957097696141634808279780395449256666829384190686961257632138692137936894848302010716831516749182353598208457044522052743722791407126009615143191501914361428345162662724210153417080832.0000
94.0000 159362694454690143899096034885981778675844016383903764968293427235377650942572090719465898435417092824661451051353733184042195351205940356160052652611229642982319369816684372712213641277922316692937542178438538769465955298891654724673685823196525672148690884191212307580951178005962555392.0000
95.0000 -132746478489910405708167640498392438407437305697055148906769684992208205138607736162394925182382215263611936626330378039532774931580822389550553048199509148291998474702628590574525172470012515878893023494464358706658475371233071967109336289103517251824298153425855862025022777254869991424.0000
96.0000 106159964387131458816693778776323583853393080838297641491887159492425911744525252066656440586272250345506193324931492536487479647409366007156344697859178721108500266107753593868946980896041404130383740734460157333247284815250748912198367519347656371760971928262983826462251640239561900032.0000
97.0000 -79597927428925674339619422320939050571335221892316631175089202033011664611858089497244469647902603547263122926376504514494162171074712973570604580804269527772138887298393189035996364977722725149834459022476365631742203831397831760949011374643517287839339224742814989704721871449599508480.0000
98.0000 53054667017271403142007283060682276122289222461936667395946251215965872726614166576769242415614135720916513849343710310870770096266237591664113040939064442817346737078869645999272211836849446935406395728064182517806926862299443621405460093044859118361018451317148819270381071759830941696.0000
99.0000 -26524124115585884109779899084937972285802381654915161490825444267221986438081429691587555646834870599393160015370940284038459557649499038513059546887024451576012953858200910737665974730467618330933793460174377896432335344815766230029581767060113593932241384334479121089597409075816038400.0000
100.0000 0.0000
