0.0000 0.0000
1.0000 0.0000
2.0000 0.0000
3.0000 0.0000
4.0000 0.0000
5.0000 0.0000
6.0000 1.0000
7.0000 -19.0000
8.0000 191.0000
9.0000 -1329.0000
10.0000 7126.0000
11.0000 -31178.0000
12.0000 115312.0000
13.0000 -369188.0000
14.0000 1040707.0000
15.0000 -2615653.0000
16.0000 5918007.0000
17.0000 -12144153.0000
18.0000 22736617.0000
19.0000 -39020983.0000
20.0000 61619357.0000
21.0000 -89800459.0000
22.0000 121058786.0000
23.0000 -151231354.0000
24.0000 175295996.0000
25.0000 -188689684.0000
26.0000 188689685.0000
27.0000 -175295995.0000
28.0000 151231355.0000
29.0000 -121058785.0000
30.0000 89800460.0000
31.0000 -61619356.0000
32.0000 39020984.0000
33.0000 -22736616.0000
34.0000 12144154.0000
35.0000 -5918006.0000
36.0000 2615654.0000
37.0000 -1040706.0000
38.0000 369189.0000
39.0000 -115311.0000
40.0000 31179.0000
41.0000 -7125.0000
42.0000 1330.0000
43.0000 -190.0000
44.0000 20.0000
45.0000 0.0000
46.0000 1.0000
47.0000 1.0000
48.0000 1.0000
49.0000 1.0000
50.0000 1.0000
51.0000 1.0000
52.0000 1.0000
53.0000 1.0000
54.0000 1.0000
55.0000 1.0000
56.0000 1.0000
57.0000 0.0000
58.0000 20.0000
59.0000 -190.0000
60.0000 1330.0000
61.0000 -7125.0000
62.0000 31179.0000
63.0000 -115311.0000
64.0000 369189.0000
65.0000 -1040706.0000
66.0000 2615654.0000
67.0000 -5918006.0000
68.0000 12144154.0000
69.0000 -22736616.0000
70.0000 39020984.0000
71.0000 -61619356.0000
72.0000 89800460.0000
73.0000 -121058785.0000
74.0000 151231355.0000
75.0000 -175295995.0000
76.0000 188689685.0000
77.0000 -188689684.0000
78.0000 175295996.0000
79.0000 -151231354.0000
80.0000 121058786.0000
81.0000 -89800459.0000
82.0000 61619357.0000
83.0000 -39020983.0000
84.0000 22736617.0000
85.0000 -12144153.0000
86.0000 5918007.0000
87.0000 -2615653.0000
88.0000 1040707.0000
89.0000 -369188.0000
90.0000 115312.0000
91.0000 -31178.0000
92.0000 7126.0000
93.0000 -1329.0000
94.0000 191.0000
95.0000 -19.0000
96.0000 1.0000
97.0000 0.0000
98.0000 0.0000
99.0000 0.0000
100.0000 0.0000
