0.0000 0.0000
1.0000 -6262391995305647244798990345049737577061878098680909743385002928766976.0000
2.0000 12504320265715979736036738752600029819410108767567885448217076850229248.0000
3.0000 -18705409842084211438606391927477230398468980960465781495407590105939968.0000
4.0000 24845463940933010088383081638779473863053779092203260538649240550768640.0000
5.0000 -30904554700940020389097879504857020350056307927399317966954460948201472.0000
6.0000 36863115776153289916142354327096502842877345879735411769548971542839296.0000
7.0000 -42702037216058008730348844235194932463635947433310466339957722851573760.0000
8.0000 48402762908595654050915253001241000649543403332499428933736255767707648.0000
9.0000 -53947390679185711512457270836625878092246232072920834112329988752539648.0000
10.0000 59318774932606611861776368594282228899308776625243879576676641464647680.0000
11.0000 -64500631501928312620607400227135056058125029035264499138415021701201920.0000
12.0000 69477644136792636234143538913067070275604592861529016901301053945806848.0000
13.0000 -74235571829812556817445492335676634574116021356491227560155599001878528.0000
14.0000 78761355952444861501130624401616629144855604972359499728070310849675264.0000
15.0000 -83043225958026117971755625122616407032407310392498685490911750324748288.0000
16.0000 87070802217077210969918003506981606358431895000129427374633254467403776.0000
17.0000 -90835194385276568355075369346640235047800483149541432505526754494906368.0000
18.0000 94329093573754495965384314745239954307076871630759759154641942937075712.0000
19.0000 -97546856499746667113106138921952939272879637160748469446169741947305984.0000
20.0000 100484579747308566861104890177937941532726692013292854555401668068900864.0000
21.0000 -103140162265715816489088765550229345729442183286640916613754538661249024.0000
22.0000 105513354279114726227353428151057311424670974465748231005440168119238656.0000
23.0000 -107605790875417519210577065200023197989671600170491792765499458904391680.0000
24.0000 109421008684556554515035502784782312355955794713138818306856452750311424.0000
25.0000 -110964444243959426089662276385114605234778006280198353351970216120156160.0000
26.0000 112243412879238028553803988703009455049103729523189313798819664525000704.0000
27.0000 -113267067196252642740631638074475102405377276691730439266231283821314048.0000
28.0000 114046334581601545020881930489320008103304497608126210268222487181393920.0000
29.0000 -114593833436041501219403312760673456964796290964797718507620614256197632.0000
30.0000 114923768212568420332344558976135920161849680849555994546930562789015552.0000
31.0000 -115051803690552573287723238226495413758571758664078680373064743082000384.0000
32.0000 114994919281846437810057486091644184698647919477271416544856818449383424.0000
33.0000 -114771244526417948273693492442359661837830359883292438290577715389005824.0000
34.0000 114399877286158815595557794738023482093772866036402542999619680237256704.0000
35.0000 -113900686478654012964070386869350186836925308984325643514684913605410816.0000
36.0000 113294101500858022862856817745788090312911266532399770681900305974558720.0000
37.0000 -112600890769356557111800239171036647605575707854335781435177736303804416.0000
38.0000 111841932043423329160033176323942586276363148431083358075557081000181760.0000
39.0000 -111037977394438636571186039055154901860242071250525022744016952712232960.0000
40.0000 110209415836336722341787378531239638107679694128857318260866437754126336.0000
41.0000 -109376036733443963709423970270641659972034222572323188062333374734270464.0000
42.0000 108556797152230036395385885911696817020612280284511069223243222316220416.0000
43.0000 -107769596320970022691179347050740428125831826566861052871577464161173504.0000
44.0000 107031060306001218987204261929889302158785962922173503726868147971555328.0000
45.0000 -106356339906014090672883251049718313378447616046859849825891170964733952.0000
46.0000 105758924608468627316840752585204748670774989927923226923350128689414144.0000
47.0000 -105250475247494565530969876765577888308377066168041787120336453962301440.0000
48.0000 104840677754065818346072121808934637321281197813437288836374433019985920.0000
49.0000 -104537120101133831373658440566153307963413486953721156795192965381226496.0000
50.0000 104345194223727314749259648346826918500553936066850353741968489544941568.0000
51.0000 -104268024342298800559950739988414016242318963153531587805446216276246528.0000
52.0000 104306422742813793457568636597639323402535262849360391779894601896165376.0000
53.0000 -104458873675585708513177241144533885538600639800971212607788302821490688.0000
54.0000 104721545633250637438828942912627592021957685253143913758611262433918976.0000
55.0000 -105088331863290118438458745194312478986937203996822358881935664686825472.0000
56.0000 105550918568902023157067547956385566049841874508808746069683893415444480.0000
57.0000 -106098879860477276056400844173574412677825558359709151622080511873122304.0000
58.0000 106719798144934282047610602742755460972752951691747367093148507682373632.0000
59.0000 -107399408287894220134995087158288498958081563146571274732444330850516992.0000
60.0000 108121763559912700578398290133691578987977531539261223177025708978339840.0000
61.0000 -108869421088006622332964386820716003106333303283269114782836077090570240.0000
62.0000 109623644282198368488306774835179415455895892043150393676979159372398592.0000
63.0000 -110364619497739194236200269841614385418518134819213246294490161730289664.0000
64.0000 111071684030300589385928000939970324392474104269031650702660670146478080.0000
65.0000 -111723562426133101186074885242412404529996158856388297451665327222947840.0000
66.0000 112298608023506450978466409760857813615341601024575573733986487406428160.0000
67.0000 -112775046626239601325686731612563268381800945394801847692528238010040320.0000
68.0000 113131219244459218403512364753378179457764173884424264340822392087511040.0000
69.0000 -113345820920552435244814397567069120581046061222812050140599966807097344.0000
70.0000 113398132787359493355679272610693185195851190789103867460756933431001088.0000
71.0000 -113268244677803500811235092008596040164067542590586924440940228565270528.0000
72.0000 112937265816358740353435482249311002765652257211152163333130044280143872.0000
73.0000 -112387521368214186566884199843427702327232967774415908327288401892999168.0000
74.0000 111602732896216217883834466308423546879330029802264011872403056031170560.0000
75.0000 -110568181072630877949381845041120995535587795109189694976355717261295616.0000
76.0000 109270849305981978926947819759400742803254980128557283377990925358727168.0000
77.0000 -107699547265951757548748961902219523767904452085471786309916676983881728.0000
78.0000 105845013614701371738419401555357878353955147706073435255594638116913152.0000
79.0000 -103699997574176722166792120238289902927628818660772285834324059988426752.0000
80.0000 101259319269398757106534419395518243696870490068128968056477065077063680.0000
81.0000 -98519909081209125810610922881586955984752658409149723947943971973496832.0000
82.0000 95480826512782557169284664359937565584163009742132116087980608926515200.0000
83.0000 -92143259317483328644267237906291237070381816040930400476782901292171264.0000
84.0000 88510503847208723822001583107519634886679497990786535484448984497389568.0000
85.0000 -84587927757052811168233920780698905725519849375750379165488006050086912.0000
86.0000 80382916341783738334830289034277899810488865609720849952476934914965504.0000
87.0000 -75904803881193817040858278845436863574574774095104416315620043444453376.0000
88.0000 71164791434882011661701615937318901246110468995831727842809737193193472.0000
89.0000 -66175852553598104489684074212270644737072364286173293150515076874108928.0000
90.0000 60952628366090630972085935214556671804134301559177296049296615386644480.0000
91.0000 -55511313460611920286611770092243705848489463228006276912583368517877760.0000
92.0000 49869533912854694578101102515168892680857788147778168284821158906298368.0000
93.0000 -44046218721873136819772478906420902458207130733522944067215401737519104.0000
94.0000 38061465807784826673648853339055015359470595987987937011468235062640640.0000
95.0000 -31936403605461047325108374495781829398445354186899858831620117119369216.0000
96.0000 25693049162886143109509681625461505260496404616201047959352117213265920.0000
97.0000 -19354163527296963601442961299847490605494289463478285874799176681783296.0000
98.0000 12943105082290237925160793556257573006510116154981278009999949341655040.0000
99.0000 -6483681390108346052230534482409197999498576080846863045750293109145600.0000
100.0000 0.0000
