0.0000 1.0000
1.0000 0.9770
2.0000 0.9540
3.0000 0.9310
4.0000 0.9081
5.0000 0.8853
6.0000 0.8625
7.0000 0.8399
8.0000 0.8174
9.0000 0.7950
10.0000 0.7729
11.0000 0.7509
12.0000 0.7291
13.0000 0.7075
14.0000 0.6861
15.0000 0.6651
16.0000 0.6442
17.0000 0.6237
18.0000 0.6034
19.0000 0.5834
20.0000 0.5638
21.0000 0.5444
22.0000 0.5254
23.0000 0.5068
24.0000 0.4885
25.0000 0.4705
26.0000 0.4530
27.0000 0.4358
28.0000 0.4190
29.0000 0.4026
30.0000 0.3865
31.0000 0.3709
32.0000 0.3557
33.0000 0.3408
34.0000 0.3264
35.0000 0.3124
36.0000 0.2988
37.0000 0.2855
38.0000 0.2727
39.0000 0.2603
40.0000 0.2483
41.0000 0.2366
42.0000 0.2254
43.0000 0.2145
44.0000 0.2041
45.0000 0.1940
46.0000 0.1842
47.0000 0.1749
48.0000 0.1659
49.0000 0.1572
50.0000 0.1489
51.0000 0.1410
52.0000 0.1333
53.0000 0.1260
54.0000 0.1190
55.0000 0.1124
56.0000 0.1060
57.0000 0.0999
58.0000 0.0941
59.0000 0.0885
60.0000 0.0832
61.0000 0.0782
62.0000 0.0734
63.0000 0.0689
64.0000 0.0646
65.0000 0.0605
66.0000 0.0567
67.0000 0.0530
68.0000 0.0495
69.0000 0.0462
70.0000 0.0431
71.0000 0.0402
72.0000 0.0375
73.0000 0.0348
74.0000 0.0324
75.0000 0.0301
76.0000 0.0279
77.0000 0.0258
78.0000 0.0239
79.0000 0.0221
80.0000 0.0204
81.0000 0.0188
82.0000 0.0173
83.0000 0.0158
84.0000 0.0145
85.0000 0.0132
86.0000 0.0120
87.0000 0.0109
88.0000 0.0098
89.0000 0.0088
90.0000 0.0079
91.0000 0.0070
92.0000 0.0061
93.0000 0.0053
94.0000 0.0044
95.0000 0.0037
96.0000 0.0029
97.0000 0.0022
98.0000 0.0014
99.0000 0.0007
100.0000 0.0000
