0.0000 -42879730943994516449003906345467457457618944.0000
1.0000 -42879730943994476834922649213298660685643776.0000
2.0000 132856455117213041814947669900019865934102528.0000
3.0000 -235569894264244004927598016688744171996971008.0000
4.0000 359773021881055558071590055129904175806152704.0000
5.0000 -514538277002320474287259876588857393365909504.0000
6.0000 709243060357974687254332169684144859299971072.0000
7.0000 -953423414468668173949455482754817045481652224.0000
8.0000 1256474297102813197649685307891868120819695616.0000
9.0000 -1627188316665754176763050739143431246546206720.0000
10.0000 2073141852527848589857808519259592862344413184.0000
11.0000 -2599957384299243444574641232279381247812173824.0000
12.0000 3210492050958624138633960080466852537023070208.0000
13.0000 -3904022611529275765361579585539450477538705408.0000
14.0000 4675513145027328231700417571107194139205173248.0000
15.0000 -5515060852860498193853013654646497174249013248.0000
16.0000 6407614363530945396684224978471215827521634304.0000
17.0000 -7333046037706529842595200296995500155734065152.0000
18.0000 8266634427471315998992006496756670387693027328.0000
19.0000 -9179976580256098256460324618779186568850571264.0000
20.0000 10042305554187279592684137352736893351254556672.0000
21.0000 -10822141286613430305339771814081979372909101056.0000
22.0000 11489158907845874612222974437699635060668366848.0000
23.0000 -12016124045351202606099040159244432504275337216.0000
24.0000 12380725183827546346482741410724262548420427776.0000
25.0000 -12567132550842153023275851191234728355151478784.0000
26.0000 12567132595694080360310248355391779391947145216.0000
27.0000 -12380725348280284644692618351970472274125914112.0000
28.0000 12016124436169452007905247188677083640264392704.0000
29.0000 -11489159767980128330754222591260502248740880384.0000
30.0000 10822143124074433134348551747364996774107283456.0000
31.0000 -10042309396867128394067429375730644252230680576.0000
32.0000 9179984461349955047582731795632579117578190848.0000
33.0000 -8266650287383428762106044055610939429254856704.0000
34.0000 7333077363149269430136738817063107056283680768.0000
35.0000 -6407675103261463003970769469793444519087177728.0000
36.0000 5515176495272528286359290236138997234305859584.0000
37.0000 -4675729374527364376510780224594755005429317632.0000
38.0000 3904419754892726165566463031697174983293796352.0000
39.0000 -3211208675536911000889037104414128292824612864.0000
40.0000 2601228023261590265132195981168355855952773120.0000
41.0000 -2075356015141411805952667779819710157554712576.0000
42.0000 1630980780156019068007798748180760120333959168.0000
43.0000 -1262860203244619831297488490586957702179586048.0000
44.0000 963995841091834863778546334987991835169783808.0000
45.0000 -726455280195679340926484074405431282539429888.0000
46.0000 542097407419846339421678375481518935578247168.0000
47.0000 -403175482603098715726246049973526956846612480.0000
48.0000 302810981975599216283984082202433620625326080.0000
49.0000 -235345056337233449544800377979945164975636480.0000
50.0000 196583129052021568345722348349347325301227520.0000
51.0000 -183951478466022538708604971669709047149363200.0000
52.0000 196583129052021489117559834085009731757277184.0000
53.0000 -235345056337233291088475349451269977887735808.0000
54.0000 302810981975599057827659053673758433537425408.0000
55.0000 -403175482603098478041758507180514176214761472.0000
56.0000 542097407419846101737190832688506154946396160.0000
57.0000 -726455280195679024013834017348080908363628544.0000
58.0000 963995841091834229953246220873291086818181120.0000
59.0000 -1262860203244618880559538319414906579652182016.0000
60.0000 1630980780156017483444548462894008249454952448.0000
61.0000 -2075356015141409904476767437475607912499904512.0000
62.0000 2601228023261588680568945695881603985073766400.0000
63.0000 -3211208675536909099413136762070026047769804800.0000
64.0000 3904419754892723630265262575238371989887385600.0000
65.0000 -4675729374527363108860179996365353508726112256.0000
66.0000 5515176495272525751058089779680194240899448832.0000
67.0000 -6407675103261463003970769469793444519087177728.0000
68.0000 7333077363149270697787339045292508552986886144.0000
69.0000 -8266650287383430029756644283840340925958062080.0000
70.0000 9179984461349955047582731795632579117578190848.0000
71.0000 -10042309396867123323465028462813038265417859072.0000
72.0000 10822143124074430599047351290906193780700872704.0000
73.0000 -11489159767980125795453022134801699255334469632.0000
74.0000 12016124436169449472604046732218280646857981952.0000
75.0000 -12380725348280284644692618351970472274125914112.0000
76.0000 12567132595694080360310248355391779391947145216.0000
77.0000 -12567132550842153023275851191234728355151478784.0000
78.0000 12380725183827546346482741410724262548420427776.0000
79.0000 -12016124045351207676701441072162038491088158720.0000
80.0000 11489158907845877147524174894158438054074777600.0000
81.0000 -10822141286613431572990372042311380869612306432.0000
82.0000 10042305554187284663286538265654499338067378176.0000
83.0000 -9179976580256100791761525075237989562256982016.0000
84.0000 8266634427471319801943807181444874877802643456.0000
85.0000 -7333046037706533645547000981683704645843681280.0000
86.0000 6407614363530947931985425434930018820928045056.0000
87.0000 -5515060852860500729154214111105300167655424000.0000
88.0000 4675513145027330767001618027565997132611584000.0000
89.0000 -3904022611529277033012179813768851974241910784.0000
90.0000 3210492050958624772459260194581553285374672896.0000
91.0000 -2599957384299244395312591403451432370339577856.0000
92.0000 2073141852527849223683108633374293610696015872.0000
93.0000 -1627188316665755127501000910315482369073610752.0000
94.0000 1256474297102813831474985422006568869171298304.0000
95.0000 -953423414468668490862105539812167419657453568.0000
96.0000 709243060357974845710657198212820046387871744.0000
97.0000 -514538277002320791199909933646207767541710848.0000
98.0000 359773021881055637299752569394241769350103040.0000
99.0000 -235569894264244044541679273820912968768946176.0000
100.0000 132856455117213101236069555598273061092065280.0000
