0.0000 0.0000
1.0000 0.0000
2.0000 0.0000
3.0000 0.0000
4.0000 0.0000
5.0000 0.0000
6.0000 0.0000
7.0000 0.0000
8.0000 0.0001
9.0000 0.0001
10.0000 0.0003
11.0000 0.0006
12.0000 0.0013
13.0000 0.0026
14.0000 0.0051
15.0000 0.0094
16.0000 0.0168
17.0000 0.0285
18.0000 0.0464
19.0000 0.0725
20.0000 0.1086
21.0000 0.1562
22.0000 0.2160
23.0000 0.2872
24.0000 0.3681
25.0000 0.4553
26.0000 0.5447
27.0000 0.6319
28.0000 0.7128
29.0000 0.7840
30.0000 0.8438
31.0000 0.8914
32.0000 0.9275
33.0000 0.9536
34.0000 0.9715
35.0000 0.9832
36.0000 0.9906
37.0000 0.9949
38.0000 0.9974
39.0000 0.9987
40.0000 0.9994
41.0000 0.9997
42.0000 0.9999
43.0000 0.9999
44.0000 1.0000
45.0000 1.0000
46.0000 1.0000
47.0000 1.0000
48.0000 1.0000
49.0000 1.0000
50.0000 1.0000
51.0000 1.0000
52.0000 1.0000
53.0000 1.0000
54.0000 1.0000
55.0000 1.0000
56.0000 1.0000
57.0000 1.0000
58.0000 1.0000
59.0000 0.9999
60.0000 0.9999
61.0000 0.9997
62.0000 0.9994
63.0000 0.9987
64.0000 0.9974
65.0000 0.9949
66.0000 0.9906
67.0000 0.9832
68.0000 0.9715
69.0000 0.9536
70.0000 0.9275
71.0000 0.8914
72.0000 0.8438
73.0000 0.7840
74.0000 0.7128
75.0000 0.6319
76.0000 0.5447
77.0000 0.4553
78.0000 0.3681
79.0000 0.2872
80.0000 0.2160
81.0000 0.1562
82.0000 0.1086
83.0000 0.0725
84.0000 0.0464
85.0000 0.0285
86.0000 0.0168
87.0000 0.0094
88.0000 0.0051
89.0000 0.0026
90.0000 0.0013
91.0000 0.0006
92.0000 0.0003
93.0000 0.0001
94.0000 0.0001
95.0000 0.0000
96.0000 0.0000
97.0000 0.0000
98.0000 0.0000
99.0000 0.0000
100.0000 0.0000
