0.0000 0.0000
1.0000 0.0015
2.0000 0.0032
3.0000 0.0051
4.0000 0.0075
5.0000 0.0105
6.0000 0.0143
7.0000 0.0190
8.0000 0.0250
9.0000 0.0324
10.0000 0.0414
11.0000 0.0524
12.0000 0.0656
13.0000 0.0812
14.0000 0.0994
15.0000 0.1204
16.0000 0.1443
17.0000 0.1712
18.0000 0.2011
19.0000 0.2340
20.0000 0.2696
21.0000 0.3077
22.0000 0.3480
23.0000 0.3901
24.0000 0.4335
25.0000 0.4777
26.0000 0.5223
27.0000 0.5665
28.0000 0.6099
29.0000 0.6520
30.0000 0.6923
31.0000 0.7304
32.0000 0.7660
33.0000 0.7989
34.0000 0.8288
35.0000 0.8557
36.0000 0.8796
37.0000 0.9006
38.0000 0.9188
39.0000 0.9344
40.0000 0.9475
41.0000 0.9585
42.0000 0.9675
43.0000 0.9749
44.0000 0.9807
45.0000 0.9853
46.0000 0.9889
47.0000 0.9916
48.0000 0.9935
49.0000 0.9948
50.0000 0.9956
51.0000 0.9958
52.0000 0.9956
53.0000 0.9948
54.0000 0.9935
55.0000 0.9916
56.0000 0.9889
57.0000 0.9853
58.0000 0.9807
59.0000 0.9749
60.0000 0.9675
61.0000 0.9585
62.0000 0.9475
63.0000 0.9344
64.0000 0.9188
65.0000 0.9006
66.0000 0.8796
67.0000 0.8557
68.0000 0.8288
69.0000 0.7989
70.0000 0.7660
71.0000 0.7304
72.0000 0.6923
73.0000 0.6520
74.0000 0.6099
75.0000 0.5665
76.0000 0.5223
77.0000 0.4777
78.0000 0.4335
79.0000 0.3901
80.0000 0.3480
81.0000 0.3077
82.0000 0.2696
83.0000 0.2340
84.0000 0.2011
85.0000 0.1712
86.0000 0.1443
87.0000 0.1203
88.0000 0.0993
89.0000 0.0811
90.0000 0.0655
91.0000 0.0523
92.0000 0.0413
93.0000 0.0321
94.0000 0.0246
95.0000 0.0185
96.0000 0.0135
97.0000 0.0094
98.0000 0.0059
99.0000 0.0028
100.0000 0.0000
