0.0000 1.0000
1.0000 -107398048620301065833961300948674412544.0000
2.0000 210239750547895238070391965192963489792.0000
3.0000 -304287803037586093464186019508553515008.0000
4.0000 385912015773144686824501391071081660416.0000
5.0000 -452319258210171722245913080117969551360.0000
6.0000 501705226413083833456602569963525373952.0000
7.0000 -533317266742153894323639892326257524736.0000
8.0000 547427662792849015041204981411409297408.0000
9.0000 -545226428686732590953104146813983653888.0000
10.0000 528650511546837759151530405033127444480.0000
11.0000 -500171490361190245895879090326630039552.0000
12.0000 462565929541544597410012474118712066048.0000
13.0000 -418691553056142799711875134513064443904.0000
14.0000 371288829241336309945978621159282835456.0000
15.0000 -322822185097306427291757056756037976064.0000
16.0000 275368838303678606554279001102472970240.0000
17.0000 -230557067167125752482449677497445384192.0000
18.0000 189550403236493689998604505177579847680.0000
19.0000 -153070255010089252466421134472792506368.0000
20.0000 121447100176230922037935730024370929664.0000
21.0000 -94689598476203276897159695838721605632.0000
22.0000 72561546430456975057208683775941148672.0000
23.0000 -54658153565228320469940347855188262912.0000
24.0000 40475250408873975119586569275731607552.0000
25.0000 -29467345061275946045903062664461942784.0000
26.0000 21092604412451606260930439613048160256.0000
27.0000 -14844626546406885440674727134547148800.0000
28.0000 10272178108886176093384057717430157312.0000
29.0000 -6988874744568451577303529558810558464.0000
30.0000 4675135536415909271471432475940487168.0000
31.0000 -3074738443898252485768145795559718912.0000
32.0000 1988054841471763883733923170736930816.0000
33.0000 -1263655375652724326089294094884929536.0000
34.0000 789546828694969552055158134926213120.0000
35.0000 -484886492553402796425131306667474944.0000
36.0000 292667505752257124483400747064492032.0000
37.0000 -173594443572594805617534453866823680.0000
38.0000 101175217217722732462048998053642240.0000
39.0000 -57934209271599701718659407387033600.0000
40.0000 32588151156087850115111418236764160.0000
41.0000 -18004646862398431088521365537423360.0000
42.0000 9768810771855939941138739710918656.0000
43.0000 -5204251552690045981091072558759936.0000
44.0000 2721804211399129383837430899015680.0000
45.0000 -1397188929730258559627596904005632.0000
46.0000 703826545636348892429080820973568.0000
47.0000 -347853034089542679699207793672192.0000
48.0000 168634950004920306949436794208256.0000
49.0000 -80171016905302230904947228016640.0000
50.0000 37367643631403426185483865030656.0000
51.0000 -17071312407815706490553663225856.0000
52.0000 7642032801881992146265867026432.0000
53.0000 -3351141762664355048705602093056.0000
54.0000 1439072196519780553302466363392.0000
55.0000 -604971110725172703779929194496.0000
56.0000 248884198794776747996310667264.0000
57.0000 -100163728696043076424661204992.0000
58.0000 39418932921794113494528819200.0000
59.0000 -15163572301534012764388851712.0000
60.0000 5699164132544661312373784576.0000
61.0000 -2091863578799823947604951040.0000
62.0000 749472580277935538142445568.0000
63.0000 -261970939526660187024785408.0000
64.0000 89286617278292843498045440.0000
65.0000 -29655236479583602438307840.0000
66.0000 9592411079893800649228288.0000
67.0000 -3019794745877531163885568.0000
68.0000 924576581943436391743488.0000
69.0000 -275103186896982087041024.0000
70.0000 79484767041090654044160.0000
71.0000 -22280787947424531349504.0000
72.0000 6053830017696176013312.0000
73.0000 -1592745831539476267008.0000
74.0000 405329521693631840256.0000
75.0000 -99656540209506893824.0000
76.0000 23642109244867878912.0000
77.0000 -5404404102024415232.0000
78.0000 1188594892499359232.0000
79.0000 -251087463910590880.0000
80.0000 50854625182785296.0000
81.0000 -9855462235591946.0000
82.0000 1823460075344596.5000
83.0000 -321298556226199.0000
84.0000 53765600597866.8906
85.0000 -8517625032216.3594
86.0000 1272917748152.6328
87.0000 -178720627257.7186
88.0000 23463368839.6466
89.0000 -2864525948.6189
90.0000 323096538.5610
91.0000 -33407028.3436
92.0000 3136432.4700
93.0000 -264231.2258
94.0000 19675.2497
95.0000 -1269.3915
96.0000 69.0424
97.0000 -3.0418
98.0000 0.1019
99.0000 -0.0023
100.0000 0.0000
