0.0000 0.0000
1.0000 -3277280268736058301379935993856.0000
2.0000 6826816497056511473133685833728.0000
3.0000 -10923812428747349788169802350592.0000
4.0000 15848259168175359446235362623488.0000
5.0000 -21884634149363689314685774987264.0000
6.0000 29318582068076879176840719106048.0000
7.0000 -38429939065100087714782480695296.0000
8.0000 49481785935406981697254241337344.0000
9.0000 -62705621189712996613123970433024.0000
10.0000 78283213557815890727691735793664.0000
11.0000 -96326194485077179865381031903232.0000
12.0000 116854937657617674701136965140480.0000
13.0000 -139778685496079570180403711967232.0000
14.0000 164879156546069212941933176946688.0000
15.0000 -191799940365342642027340561907712.0000
16.0000 220043809362337646311867393507328.0000
17.0000 -248979626450229011006717056516096.0000
18.0000 277859813456218613150428335964160.0000
19.0000 -305848416494685613771000607932416.0000
20.0000 332058746813826140417406642683904.0000
21.0000 -355598504510411873011610081558528.0000
22.0000 375619339602657774765976429002752.0000
23.0000 -391367099956191773010606833008640.0000
24.0000 402228666590408557708968741306368.0000
25.0000 -407771352488152355228620645466112.0000
26.0000 407771357096092099341976676073472.0000
27.0000 -402228683040714987055711728435200.0000
28.0000 391367137397364904899651259334656.0000
29.0000 -375619418013148990611243009048576.0000
30.0000 355598663698950463868868271013888.0000
31.0000 -332059063401123110475001740918784.0000
32.0000 305849034706639118998211513024512.0000
33.0000 -277860999584852582539201064468480.0000
34.0000 248981863155525443148674630680576.0000
35.0000 -220047955698530479483385420972032.0000
36.0000 191807497978409685851105782661120.0000
37.0000 -164892703750971181247943623573504.0000
38.0000 139802571105355862540143967600640.0000
39.0000 -116896367926294357807436211945472.0000
40.0000 96396901735912050769378070757376.0000
41.0000 -78401965796619038860946683461632.0000
42.0000 62901918895489942566069176631296.0000
43.0000 -49801193557470429586987319033856.0000
44.0000 38941609478539951572710187859968.0000
45.0000 -30125642468011555646371335766016.0000
46.0000 23138195752950382509308122234880.0000
47.0000 -17765867978121868275337039708160.0000
48.0000 13813144700009299435111663534080.0000
49.0000 -11115305368511256572597689647104.0000
50.0000 9548101581842176196376684134400.0000
51.0000 -9034410274800571806406676578304.0000
52.0000 9548101581842171692777056763904.0000
53.0000 -11115305368511243061798807535616.0000
54.0000 13813144700009254399115389829120.0000
55.0000 -17765867978121728663748591222784.0000
56.0000 23138195752949954667343522037760.0000
57.0000 -30125642468010245098879770951680.0000
58.0000 38941609478535970390639592341504.0000
59.0000 -49801193557458720227956155744256.0000
60.0000 62901918895456237626457935839232.0000
61.0000 -78401965796524319153583827189760.0000
62.0000 96396901735652030941292207800320.0000
63.0000 -116896367925596984412337145380864.0000
64.0000 139802571103527815422597264310272.0000
65.0000 -164892703746285275907657169895424.0000
66.0000 191807497966659542221717025849344.0000
67.0000 -220047955669694399443693381615616.0000
68.0000 248981863086240589300529142693888.0000
69.0000 -277860999421805702781760385843200.0000
70.0000 305849034330704995184740388569088.0000
71.0000 -332059062551590666020031370887168.0000
72.0000 355598661816801063566607927738368.0000
73.0000 -375619413923711553900813700038656.0000
74.0000 391367128681082045185728805076992.0000
75.0000 -402228664811257705863770286325760.0000
76.0000 407771319676313875929109584936960.0000
77.0000 -407771277080001971870959719677952.0000
78.0000 402228517371445515635730942001152.0000
79.0000 -391366809946735385895821547405312.0000
80.0000 375618785906633205694069995470848.0000
81.0000 -355597465821317644087819291852800.0000
82.0000 332056831968214216842543179497472.0000
83.0000 -305844946805879024130909225877504.0000
84.0000 277853632922770645132885496954880.0000
85.0000 -248968802000067191065767202258944.0000
86.0000 220025167396793085732376595660800.0000
87.0000 -191768365546718685264915732627456.0000
88.0000 164826554029213288692478254252032.0000
89.0000 -139692479447862948323412477476864.0000
90.0000 116715948980935943121656057167872.0000
91.0000 -96105712903778588009292627968000.0000
92.0000 77939059477251371804850869239808.0000
93.0000 -62176989240808510301853353771008.0000
94.0000 48682685341465554810361371164672.0000
95.0000 -37241108136189051575674844741632.0000
96.0000 27577867832316838669424537894912.0000
97.0000 -19376004294603967957299319799808.0000
98.0000 12289858435748315572683887607808.0000
99.0000 -5955787639089198355563168137216.0000
100.0000 0.0000
