0.0000 0.0000
1.0000 -22943680750526900225881869032342870784278094730029980790911722898913380562225859201465985298895879341543870152210598552302104221050223887844542111094420211583974824550366183934397002807077219685032745529380225334936866395353924941905920.0000
2.0000 45816197069420047795988865656312633234864547194741242973911052656045174261773275139375713117046457581631995299667306048739175565142281402248624328759337995364373746310336468432493346965335954636653056426726669867375087513092808939405312.0000
3.0000 -68546289162843053390446635706300321232482383783490567397325726273537210353654624689881761101845842960480371684101696571102911149380180020136310925298444031944926957416260714162258658207882747230671197372798684619979156617615438006714368.0000
4.0000 91062523490614080021492122554512644280946828319455852818215935343178903610083127073631241977986045468383959348599951960939086090915019498806441944166070106072035253378327381815028121901739398778628993224582114571578897777407767615635456.0000
5.0000 -113293247736858432752169859837312074929549947941262886160775834477875337242670227214297226560592133316739211807513540617635938373628037367779376375919729976067915902290834874413263583073911972627583028800291155507887773168176540292218880.0000
6.0000 135166594328765386973924843366958183577778954509201649472285050661945796084770573450815446956717957404061300418199948735702301052061299114810540321012415340073491827644706960927373757766771301873258882867035901639477448324242015210438656.0000
7.0000 -156610545969040721724837490760022601435992510306350956886159381678479574618662966774513472615140203931003732624811254060923698431624307167191147563224525466578786651248746331243374583771262906627621916226407085982842820877722528379830272.0000
8.0000 177553074430799081682162608727095646144364535997782483831168684914736963459512506176881591792357386855751389516589630578199523353793634727561911407988877844244288712508961632128235682013582381844190655190595474718926744896140564244725760.0000
9.0000 -197922361228350418679524666869267896176586794155598983717950153674911472502459856788389377142468183910860591921561224521233774524829149715008718956541657066811770316212249689967030274811377719013464293092129923896186863954999914321149952.0000
10.0000 217647105807514174077007706791391682707632623549048181875805796488168989184941162324500338818471421362972139254777512553200321200489972193328243226729390889423069901952143378733498768414215832884846398819097763824289043824849691644788736.0000
11.0000 -236656923689107237942009885061440858503857925869473058811521709959580055315123777522227404210448825507165819166399593766619945676028899079269278536036827070952140518012859694570077362431855447277899123019961976404845223532218476820168704.0000
12.0000 254882833650856053800664164867008138100078627538367462046131012144941151808812353377771241940479694745282438975606847690488288389713575306956954697048585748661108753941731885225431289954811566893538962435904475329764286467123186669453312.0000
13.0000 -272257829651985120092180254840321922401850348838724570436495435783097622629380006405735190682691341181904931166367507026720345586116844420314912132664580003224812041000125029216258190921142557943613948361856627698812845543774664534261760.0000
14.0000 288717529897601766843120391626087127537684061165449884458681482874563978368095656734663591203697856172287436900014718327744998329973245438228234069126155803944184739138801412283318021766506110312343542091996787955717930466286549954723840.0000
15.0000 -304200892310371657799416209161289548829917255109740284930152135145766659762234757698707423222428046838918574646959669100464586955570798657483295821918958269072292075723586366824873828927685832000555868130820837259164309018686951377600512.0000
16.0000 318650982822425176701098918067628347585004224257229213700251762895213464203529036443255503270855397189085137323973755706304970198121852861206695992548179357795785754295040027007118661918631977691396176014123455277032474158142928950657024.0000
17.0000 -332015780409320904498929562600167694064453870549516097228808705172057139430895064583898229384589229579487543542377719300173594007160292766035771241755105894880982384013080139589976149339649392294043332166294464742413005480974072691032064.0000
18.0000 344249000736651872083513289757792820537204829443208398677575988338054472215768080640922587933607319153944162648043301768857021055002339373567985126341785507281205091158686578148680845066178637945858302322118886165616391281590538984226816.0000
19.0000 -355310918740743739515059047514127661594346055059213158041850835272875125031848432501827952491819863671334594387432345502601348017351330410137966608020377454291420512826048696594269532831544068640220286082025804572580845243664436071235584.0000
20.0000 365169169464017327499501051436296973401983160668473532150247945739233206414955847914829389959642532689866359106501589179130461375927926157553321247416129328880326734276710166696952158913098206476242634256346203060439496338986455871258624.0000
21.0000 -373799506041907845080982048282153750647570307354568448593235206556882614261559962309316159310101831310262750572070383599160882395439189994572331356564527989666914159958971337729061257856911228845341191994954694755943783460208832552108032.0000
22.0000 381186493902732648378802164336077617779569135844497057331333725425931277803770855904292187636153146988182789684002625293234714316034853760935325466756247230785627155762468572064208906051379131524025089437425604653848272627767054660796416.0000
23.0000 -387324120987724795324304477717225904111407625489452439856917338776605099087296934093712979661057039015746917898884745440861758266933389256023469717866569357392513535330413272392437880939243020983976834651654996379435937020947300916133888.0000
24.0000 392216305101366472561748958400367848018129605735315039609374524218706576457218033113721999488040331503041618369783140481978135002099445908329792190602840979820002009483493904398870743080218910866181466362272810005998632182537719222632448.0000
25.0000 -395877281321873971752231553881601292867313973592142326827499483660364328534098496796954908988912291633220348904073600768418011738914161198733535021303278059265531280694803590880184641601130212839338236166378658985599639169545354361176064.0000
26.0000 398331854683428172454436838458197081076190364237976782554557809035325335818314950964192633267654336252270511425886197531813739681577386824986366051358221399849995600515340189995698242324917457784126897938731947551378706132118438833815552.0000
27.0000 -399615506018490457203037174397104482601716168478273199539598503372282150934043654209229656571680161292187583931849977556009599331773784526525800612241267681189867390779275323364546170206630292719973069674108966822977487899814239448072192.0000
28.0000 399774341843488368927089620932257107246500685403019109691848481404233178622083770855782644018831895910096533674935785809165497918188496018206717058251773872633710788671483941568062016749047483117764743716897934636146905149432733871636480.0000
29.0000 -398864882400474473966203059030860764545786769325911190325296982456261598636654188945979339871102739001290191868153755507275557396110358911976098518755458579551357534833832134713054324675262627505617952346060574635899906573610729064103936.0000
30.0000 396953685343141007852884933656740407058012291836329546642209532605684861308712580496002026413815793183875904257003911619529937641970388607436314247860216280098521913366332723452186685378019625486428474604841280050639180616575318061219840.0000
31.0000 -394116805988666871903579090751879493613668045708481297082667815673095914636049789321567757984713729567463252198522988946195226432048172418142556910714281641677434742492016047181546566310890469339615623370101872987323053939740722228887552.0000
32.0000 390439098459863957393188717116183370223134967768801307240214025381425040684998747799296711186726205281102590719125013583016639108336461391544840145850499739412253601192788287158792386797513562999379524105429674279381893234591355249885184.0000
33.0000 -386013365331756478868854015342064493997727916139156103340364564754368732757581991253907371573759391419403283363181247951221666949498978565924036071283277314801951106031024590718268671791954447018534546350448955325222922950494547188121600.0000
34.0000 380939366496595836539274451131739505709618806832179724731195383022654093706836389728705511080771481471819207942494695024433707471284546658275057793694848639741416870459436349123035272551079435103785743885070833421429899852482138131660800.0000
35.0000 -375322700803448122127865064662380577396442206085473204630059481772753275876967449194580005338531999637751200951805613427393267510143038864597402992109965923173314347425778473616186955596917985000545108512050958416607132829348566329720832.0000
36.0000 369273576555191073239179087286492370169603254113015313785861442196337691742633843210830916007150312299762438815988462719179980625145651127145495309622816323821201050032390060139332097466670252948850788096428118499303590959029067022598144.0000
37.0000 -362905489110523842420052371042445160088494572785033568592790092069106582344419932395363000164993778080966244792462440664433490590921795674476030592050483818696897904634959871812747782761092140053969340461974295430584888228652351733366784.0000
38.0000 356333825606791677457317876527841429688875571976622389477473925986633108227840171988302881056280847715820770263727266461365612218186624257443225585068308811748189661605979852713365054489684029412288557477051805519359806270747591946797056.0000
39.0000 -349674418168335453493797552051836072486141949858990990204177261268411689363402705271524746080138517486220881519586376218926393023568484491679373364621579477395150839477586064858330809127761566321267428266282418059438726172395808151830528.0000
40.0000 343042067883588209430390233129986202573702980101946542573896517978461411112293679646296823827810977055837368819562434500339944141606189271716801031130966220653199283567197876087932404784678794478648548557073836582149082885613021867016192.0000
41.0000 -336549062321974341655216784594781222632846801915046054116921452570567668496579226342733625705366509373276721688348665674324638341154846264480365396307394213376792148999844296741947231970279528101910056109701630689443572641612903235977216.0000
42.0000 330303709428314063487414337180402528275210522800171416806436352374974481273336088146769651172908317320035821944052456112901015190402430545778101688027311429170218125108521665246158915509456602620327774850207597816726096994990419961970688.0000
43.0000 -324408910295803469868687309872779045342280168108859142627246208523912701381784819678336380361323107202340794881507169749906270980550867212918217767988854311971972515630494460897012426592070275372332295154055400139191240590782962008588288.0000
44.0000 318960792603553220898529334349341204768999451489507324823800245413501233629935851681631707308395548647921663172747184229686811638931512068480369552505001465470914612185962443321994389820240278388006905922127635092970448852176050946310144.0000
45.0000 -314047425441280392155746768269855517382797506916536836462849247723050867141602473153390663286152105818316714837916009551403727602487872789046914626245090635737674941927686565111425439693496839878394516253160668114961958417522643427131392.0000
46.0000 309747634865986725474365136337930577600039693928600443556912408869304894040871966056174496577731345793034886273855732653812618060129061906548031533561158292881728009793442898812598994131967070316163379312501570671201426957734460327460864.0000
47.0000 -306129937879528785397554262137467893343389782794788101989948760067811097125477408522895766786734894348005770015332087882810283378572236353060514575271560945183993440656850032628439122281527558385929130997171218858236613355361131735023616.0000
48.0000 303251610619122370634455081272625339268125504394068830650152211737534782109715710859748975322484796019926950299108374579620531606046119298793951463698168500478097370082895984370913072284058697932851306612523050410451798668795346916737024.0000
49.0000 -301157904452141526753825001509668788887936475567538722240865502540411200659326821848622693224862026438801754500081133947036753925446208662967476763267927837113118164418416899673897126446501387200202201011877038555748130838532564786872320.0000
50.0000 299881421398349752694825068366855971961461089050847005750808884031208047918702994237573262927386129703941156278758239493426234529049039369373938851184582878048748865508540296831519084611461062641722838923138491314409359998695150209466368.0000
51.0000 -299441657901772944205858799364791741716271742546146435617554594165905346058976435871832684330596325473982876734330541085212524953457528393737353111382796364540178566906811096234906397261984019995044317299606070013778101155357755778793472.0000
52.0000 299844723474014186274326464811142646668223304661770847093936940415955835655721123230436390002126576450800648942144699631935995036460352621488875464961229910215208044801168454197094172875701607752611869065640957997214657705077679767683072.0000
53.0000 -301083238162526238946235545101975214845958072476393092693963337118482203585138861756697946162781561960246696789345452731869058716823626440730128509256159812395914951997859790409416382994079767470194654996919466427466685501704047257714688.0000
54.0000 303136410191444278731699844110330946453303884625795151951990572001422843369252806471013722201873155979107947206897898841140056112659792844972603009471589157197157751066567022001120965170768439276177610827136190163710414016164805899976704.0000
55.0000 -305970292508364851603275899076290000257300252648774785638684435205177690514654164743854081492490415372644212110669070489878734018002482177712067824282095156136439156300098854109608295691491989981005890521558708851904777869640637920313344.0000
56.0000 309538214376851577539247596819467484890205105631401528472255562538158417065456640375590899449086508192900503501728714820300535334721215327967807219305383146476539317275495662033065904531877120599225846882415773461960539644838652495790080.0000
57.0000 -313781381610544336945259998823843630505199994583453352808787266173398801758494869341631988618771851621722694015558764615406471305679180138453603432252609789795052128213901029878779843676115963256908795648721790783206412027712245002665984.0000
58.0000 318629636580316272389133196687810449341574579647901876674967198652195544359563391210722058347315739025550165982227688099490311203574616562183037363136508433470506541264178076787968851808869459268696742064679752752886402733650166425845760.0000
59.0000 -324002366771823050551360001384862364277992950118747010098893496849809750880684477328022050093106296794143193713767432203275517708081010587032709552751393302193210440077891261355759287621694918892152032966766435846038323043829303654481920.0000
60.0000 329809548459226910970825981060993890290199657944402596605566278196217850459452602042044748482711296803300802469562704764685845021585744468306613039590265830895067368118911532434802798693663557516250762759457439247639014055555143070384128.0000
61.0000 -335952910025365546686205406118630065461988454563470995114406236598786069542421186054619313718791202190210107609419708658890661691087011906238126690478728872538650106621675026458592384091834943148231203837010400031407767603715648597786624.0000
62.0000 342327197633775392497998817096702449690352700855692080356087105155639916112487708184544649515523518072321108094488629362760562971900508360171425326683118125967726186933422987915587421531065243069676907564107052639653183247490952323923968.0000
63.0000 -348821524378865612966849372139620471295947800639146339730103506221280122658114861667452713475722311689329078964567298860096996913097590788338913457780846737363506283086200137441475402312778215837431834613521132594276452810536207891038208.0000
64.0000 355320782741989687714727728530760877492095205507118783361255925675975887125218103262395137803118196600136069293167318689116687902057634244095624196479526881490464924000954330026949659836137924703059966526930120304048454871961266684952576.0000
65.0000 -361707099196565861996321429251194663829010765057373889229800770502770522487109173263144666708761238432884559020223776722085567920478457809090534139883573052875150099339344086051310941395358935102059573596149766842739766298743350153445376.0000
66.0000 367861309165486424283380708961651713249686409939574700941853846612245398150211635856347208664789867322718265424073234246133261907061525017860918484290736646851073729889900740173621465280081251036882988279079618601508420456347648877658112.0000
67.0000 -373664430265380846757983055073703256390423395915118115777917503541184599153792656569046021765627978593765609106031546831040505116859838213453444833959782468533254136663736425786235578699316267123270155184010782162726239308081707710676992.0000
68.0000 378999111895761862332245215952079304724801181073501235195386487395584869227605561884338431926341272814460631957592724240377079823370241563769163400296289065795804879211497699252919468179130391632145671674515655714011394165847466727964672.0000
69.0000 -383751039760369104060879980538310619761186516211623869965977769631736000802078989198073319218738481448858406653826213329762447966736984761591450713941735119040673268003514178596005919199709814660090865431388899337837343161188091886043136.0000
70.0000 387810274848209170028913282882687501787353143589063309339771106733573091283333712420632260208090219805171988988406814033098508282861837165696404248757159620194681275018205371001957626012411384607508118851578847084989632099280465864687616.0000
71.0000 -391072507748099643573364568382258522795633215594570385931394852399564438472756496407900684412704933642512572964829888000155346115444777695369087402957824366316440147767823840056442067800139588234344560324397316467466187413438350057537536.0000
72.0000 393440210907402348386834944001856330929271942914804233749428256113485197076456467370378922939926228671170948306229613758224203674696837297327882110526108894650370438834242648735603737370915209811649189922974236650387979940224017404788736.0000
73.0000 -394823673546149780174542076285306358832736840146377725413753723173810559640479015004328496110632325343504610944193554618466068782886083502598998375382949418574728846000772840479825046523522203686084826840789913887354189912539435271979008.0000
74.0000 395141906363489198983598700583934844049280069730153792572459476137845329782040778594260915422939660776451417934043323288623754497983844163473574903790567131808919212164593084330231645413054717340654393834002491015981414456023011504947200.0000
75.0000 -394323405874647518463999483611317095486407624299126001017731263452896048845548027778572940192521422022866369728517697133860230317456760596974382909107266215493865783777533369143340609616639422525905735795399092476712955980566635523080192.0000
76.0000 392306771133427706526953376808107257427287426370768504527172722047779945471823875458200706823180848911340691289799839239873280484046904514248561275002996029820448966133463560207303414187996528947979624219813016960226384968179296935870464.0000
77.0000 -389041168658465474143030127192998249311578729078216340894820217735899517288253970015645176044644249429821208138472338836375161853516269219617069232288050400529063392680867599987689664029212996346048929692252309561835757889093054008131584.0000
78.0000 384486644514705864626821912426510487927586739290136384749918155850035414579068853929111060930826207657389636446808536786934595675455073443333658325707492195321788409105595588264341243115216579830666741227689633230081317240093970670813184.0000
79.0000 -378614285623249372586391338250265918545677851165070818701666613071981188910887209062781256192099663689141610730452300877295486272512531762578808092563387768983858231476537676129638383859661662936553106278118044269719859293268688521658368.0000
80.0000 371406235398793942776124767799696531147148867838805444380632590143922697082084056951020905506018592933800304238379128379923621363635234569093794954435940182489097132997791252313307452979792575496335678563770276800767013953361616241164288.0000
81.0000 -362855571660442915241284911770505614521772597018257100199532647197589087559509915118618956293184002830715759409363384369932675217002118820270683303610052020266632897423105368535778161383120978798244077937054418867410595064168034718449664.0000
82.0000 352966057347937175701376320486253153760635644425536510478030874341313083282173811381960146853685428394856166046984458241984197729258217046386276639143667507155220265633011809737374200800834230148346551948191666367813909135820848178921472.0000
83.0000 -341751776826741609889307422696632977845850898590400102463145959559059880444875965701200341006038534271846771741371555404857777333278975057189350514507640272061971472001650306945050577570621457805180085617355908869335545085178818645196800.0000
84.0000 329236672416182623653532945880314682678513693624413520656027369413060731992023914851827204248164268068570036620872075140364728949438518112482983923229295792893526062996400653497211990987647505179723155911633458496142432946860616503525376.0000
85.0000 -315453997170854201398567145031088358283149660328875552314114831081179658464123445523476221386272802142520373188064696656676274491499562895439137119200299385798159507567273674788364377066467525479819075390748379994836934863137152054591488.0000
86.0000 300445700846523557600076642818370438068038268138895439692864774573845377570934132049351882674948177938077226379610464425948557298094456485247085970473055139199336033000112058365602739818266569504829139185464770776527327171138641465442304.0000
87.0000 -284261766363150701991199814302025941903496954447800154873433297184835554366009651972288866040721833964197003775074726769133477488818155767325199059063847835800770854745681874934629059124974187334887040424696545451858642377135303811923968.0000
88.0000 266959513931727706483157148974932997894187591307067649161588102948801369130521228406260214060494417409041505969797619729518180116304310715278830570945770558208389553195656016157037983734617202140136286585797911772798013651157973869789184.0000
89.0000 -248602889348406387754606501128436109619282205281278378504681882488971406855264787897817011680511368857977411721494083833412561959864437470326868095476147301416387977693202699331968603454488444696854370702852530676029985398125018302382080.0000
90.0000 229261751806369080928172698932320155203602921804510307760069209349430604054814999073644910327236419029237600590453700825328972250937030764969477748643513952347526948157249220642515325710669179721884801262320188468033499417060215074324480.0000
91.0000 -209011174977649507164629025431745684781820809481973362887342233702905126482917668875288700244529689951127985894087743288756268917648917124599953899345069131873519733771208184486057762676043087571134245278321051462755225010115134542053376.0000
92.0000 187930773133768796701847033071366848693832114816570812134230540105808016376086412084125301931263069458826886315548879780104823584299917039134181126033783205382590628385533226546481409763923070308758146957300153074546427571596748161810432.0000
93.0000 -166104061779460930958462222678208194331785969457536750212939941181801886829704019917580723698989615411558470176099689203699661623328983516124405031720076962867941562092798887057724090618380160677344913379805873155411217776695004438200320.0000
94.0000 143617859752913623951950473529286116698551812257638546597022306873084530982889933742185131225753129913543064381465773963947413261960751724783387617300281885371940178395371760089617822861425538034373614407868901787203417372611894893871104.0000
95.0000 -120561737092065946329772048760594726429311114600153874768769891046242522199345566559173073706527613160584088125666869693292580655573391346249736866019655041036387752219264140994871164262202256552126229319682426713310255566800910028898304.0000
96.0000 97027510277665011699123471437612319636160455797386951686839136356457986342263388290827111158212922545002828278809705636089058602616930106892941970218343748053386032585585034672032087823367691861278250139655391166224499853416914164383744.0000
97.0000 -73108783839410816068980449058996214257445405997780784282510361057319225143021903670365939835644896392282226011089279137849918920521905329282787018398015692299748615890381737475990787826332468653204207388915503189274443889635605304311808.0000
98.0000 48900534848719317049177923959045433569285754234114003666977285433112053430548342122885095509845769626585390036479898301870443764492314155750913836272602130180513268377572205649684604874371500522424961557092266828211791454534741818081280.0000
99.0000 -24498734611620099236737098643106266854872528829790146533201941147431656992425959361311159260553292125306634587878766310326485743081342795676449088024665332800841579572826985323027815839908875361931346351329239596749215988761362255839232.0000
100.0000 0.0000
