0.0000 0.0000
1.0000 0.0002
2.0000 0.0004
3.0000 0.0006
4.0000 0.0008
5.0000 0.0010
6.0000 0.0012
7.0000 0.0014
8.0000 0.0017
9.0000 0.0018
10.0000 0.0021
11.0000 0.0022
12.0000 0.0025
13.0000 0.0026
14.0000 0.0028
15.0000 0.0029
16.0000 0.0032
17.0000 0.0033
18.0000 0.0036
19.0000 0.0036
20.0000 0.0039
21.0000 0.0040
22.0000 0.0043
23.0000 0.0043
24.0000 0.0046
25.0000 0.0046
26.0000 0.0049
27.0000 0.0049
28.0000 0.0051
29.0000 0.0051
30.0000 0.0054
31.0000 0.0053
32.0000 0.0056
33.0000 0.0056
34.0000 0.0058
35.0000 0.0058
36.0000 0.0060
37.0000 0.0059
38.0000 0.0062
39.0000 0.0061
40.0000 0.0063
41.0000 0.0062
42.0000 0.0065
43.0000 0.0063
44.0000 0.0065
45.0000 0.0064
46.0000 0.0066
47.0000 0.0064
48.0000 0.0067
49.0000 0.0065
50.0000 0.0067
51.0000 0.0065
52.0000 0.0067
53.0000 0.0064
54.0000 0.0066
55.0000 0.0064
56.0000 0.0065
57.0000 0.0063
58.0000 0.0065
59.0000 0.0062
60.0000 0.0063
61.0000 0.0061
62.0000 0.0062
63.0000 0.0059
64.0000 0.0060
65.0000 0.0058
66.0000 0.0058
67.0000 0.0056
68.0000 0.0056
69.0000 0.0053
70.0000 0.0054
71.0000 0.0051
72.0000 0.0051
73.0000 0.0049
74.0000 0.0049
75.0000 0.0046
76.0000 0.0046
77.0000 0.0043
78.0000 0.0043
79.0000 0.0040
80.0000 0.0039
81.0000 0.0036
82.0000 0.0036
83.0000 0.0033
84.0000 0.0032
85.0000 0.0029
86.0000 0.0028
87.0000 0.0026
88.0000 0.0025
89.0000 0.0022
90.0000 0.0021
91.0000 0.0018
92.0000 0.0017
93.0000 0.0014
94.0000 0.0012
95.0000 0.0010
96.0000 0.0008
97.0000 0.0006
98.0000 0.0004
99.0000 0.0002
100.0000 0.0000
