0.0000 0.2629
1.0000 0.2629
2.0000 0.2648
3.0000 0.2647
4.0000 0.2704
5.0000 0.2703
6.0000 0.2797
7.0000 0.2794
8.0000 0.2924
9.0000 0.2921
10.0000 0.3085
11.0000 0.3081
12.0000 0.3276
13.0000 0.3270
14.0000 0.3495
15.0000 0.3487
16.0000 0.3738
17.0000 0.3728
18.0000 0.4002
19.0000 0.3990
20.0000 0.4282
21.0000 0.4267
22.0000 0.4575
23.0000 0.4555
24.0000 0.4875
25.0000 0.4851
26.0000 0.5178
27.0000 0.5149
28.0000 0.5480
29.0000 0.5445
30.0000 0.5776
31.0000 0.5733
32.0000 0.6062
33.0000 0.6011
34.0000 0.6333
35.0000 0.6272
36.0000 0.6585
37.0000 0.6513
38.0000 0.6814
39.0000 0.6730
40.0000 0.7017
41.0000 0.6920
42.0000 0.7191
43.0000 0.7079
44.0000 0.7334
45.0000 0.7206
46.0000 0.7443
47.0000 0.7298
48.0000 0.7516
49.0000 0.7354
50.0000 0.7553
51.0000 0.7372
52.0000 0.7553
53.0000 0.7354
54.0000 0.7516
55.0000 0.7298
56.0000 0.7443
57.0000 0.7206
58.0000 0.7334
59.0000 0.7079
60.0000 0.7191
61.0000 0.6920
62.0000 0.7017
63.0000 0.6730
64.0000 0.6814
65.0000 0.6513
66.0000 0.6585
67.0000 0.6272
68.0000 0.6333
69.0000 0.6011
70.0000 0.6062
71.0000 0.5733
72.0000 0.5776
73.0000 0.5445
74.0000 0.5480
75.0000 0.5149
76.0000 0.5178
77.0000 0.4851
78.0000 0.4875
79.0000 0.4555
80.0000 0.4575
81.0000 0.4267
82.0000 0.4282
83.0000 0.3990
84.0000 0.4002
85.0000 0.3728
86.0000 0.3738
87.0000 0.3487
88.0000 0.3495
89.0000 0.3270
90.0000 0.3276
91.0000 0.3081
92.0000 0.3085
93.0000 0.2921
94.0000 0.2924
95.0000 0.2794
96.0000 0.2797
97.0000 0.2703
98.0000 0.2704
99.0000 0.2647
100.0000 0.2648
