0.0000 0.4426
1.0000 0.4426
2.0000 0.4428
3.0000 0.4433
4.0000 0.4440
5.0000 0.4450
6.0000 0.4462
7.0000 0.4476
8.0000 0.4492
9.0000 0.4511
10.0000 0.4531
11.0000 0.4554
12.0000 0.4578
13.0000 0.4605
14.0000 0.4633
15.0000 0.4663
16.0000 0.4694
17.0000 0.4726
18.0000 0.4760
19.0000 0.4795
20.0000 0.4831
21.0000 0.4868
22.0000 0.4905
23.0000 0.4943
24.0000 0.4982
25.0000 0.5020
26.0000 0.5059
27.0000 0.5098
28.0000 0.5137
29.0000 0.5175
30.0000 0.5213
31.0000 0.5250
32.0000 0.5286
33.0000 0.5322
34.0000 0.5356
35.0000 0.5389
36.0000 0.5421
37.0000 0.5451
38.0000 0.5480
39.0000 0.5508
40.0000 0.5533
41.0000 0.5557
42.0000 0.5578
43.0000 0.5598
44.0000 0.5615
45.0000 0.5631
46.0000 0.5644
47.0000 0.5654
48.0000 0.5663
49.0000 0.5669
50.0000 0.5672
51.0000 0.5674
52.0000 0.5672
53.0000 0.5669
54.0000 0.5663
55.0000 0.5654
56.0000 0.5644
57.0000 0.5631
58.0000 0.5615
59.0000 0.5598
60.0000 0.5578
61.0000 0.5557
62.0000 0.5533
63.0000 0.5508
64.0000 0.5480
65.0000 0.5451
66.0000 0.5421
67.0000 0.5389
68.0000 0.5356
69.0000 0.5322
70.0000 0.5286
71.0000 0.5250
72.0000 0.5213
73.0000 0.5175
74.0000 0.5137
75.0000 0.5098
76.0000 0.5059
77.0000 0.5020
78.0000 0.4982
79.0000 0.4943
80.0000 0.4905
81.0000 0.4868
82.0000 0.4831
83.0000 0.4795
84.0000 0.4760
85.0000 0.4726
86.0000 0.4694
87.0000 0.4663
88.0000 0.4633
89.0000 0.4605
90.0000 0.4578
91.0000 0.4554
92.0000 0.4531
93.0000 0.4511
94.0000 0.4492
95.0000 0.4476
96.0000 0.4462
97.0000 0.4450
98.0000 0.4440
99.0000 0.4433
100.0000 0.4428
