0.0000 -29467345061275983824834925621623652352.0000
1.0000 -29467345061275889377505268228719378432.0000
2.0000 91035199882601447146189862769273077760.0000
3.0000 -160537979994236631806155764845605027840.0000
4.0000 243371704533579722746575849750999859200.0000
5.0000 -345050177754351355593117797038216445952.0000
6.0000 471172413466998127872943923667962691584.0000
7.0000 -627317406920985701299447205546170515456.0000
8.0000 818855864998951456232648916834369667072.0000
9.0000 -1050676587541731176056590551271126073344.0000
10.0000 1326834972674107979605267846731675992064.0000
11.0000 -1650142044263977843394060559483372830720.0000
12.0000 2021723541011095326399940907765422096384.0000
13.0000 -2440588688510900642670473878324910227456.0000
14.0000 2903255793269925189072233821862696583168.0000
15.0000 -3403485217841135139562612391221793914880.0000
16.0000 3932168317541222300973319695249644191744.0000
17.0000 -4477412750880516692938337404218528235520.0000
18.0000 5024850182499301358135842934754209955840.0000
19.0000 -5558172653532424307937134700500864729088.0000
20.0000 6059880601849883929291860583472663887872.0000
21.0000 -6512201257497866113273084383076162732032.0000
22.0000 6898113977702531144326681653753709330432.0000
23.0000 -7202402130032223599239047466905120014336.0000
24.0000 7412642052566210051614800672275090636800.0000
25.0000 -7520040188999559940529680347072290619392.0000
26.0000 7520040243438518393648924133519070855168.0000
27.0000 -7412642249257173948656011265594833764352.0000
28.0000 7202402586522330197081234012730296369152.0000
29.0000 -6898114955470836791300751888728056659968.0000
30.0000 6512203288989797256998610676670657462272.0000
31.0000 -6059884735211141572183561099042717958144.0000
32.0000 5558180906235871902797591818366569414656.0000
33.0000 -5024866361398093116351301705819674902528.0000
34.0000 4477443902896216103544433908487276199936.0000
35.0000 -3932227243035418256053265599825683939328.0000
36.0000 3403594736141142675702967386519073980416.0000
37.0000 -2903455833933199792003944595500434456576.0000
38.0000 2440947838601675050304159052242836520960.0000
39.0000 -2022357460763012124026167661234522947584.0000
40.0000 1651242225965337121713027261492489093120.0000
41.0000 -1328712708373812623059809191002451738624.0000
42.0000 1053828756562696772981792312666726858752.0000
43.0000 -824061236224269066378013477698711584768.0000
44.0000 635774488363428890373718573974502244352.0000
45.0000 -484692288194811740620826508569490751488.0000
46.0000 366319926462479007316711405600469155840.0000
47.0000 -276305463522691712887703626717188849664.0000
48.0000 210732791836803112669343125868323536896.0000
49.0000 -166346816380460983640477905056912375808.0000
50.0000 140716192517993867988550407132679241728.0000
51.0000 -132341451869169537648310749820555886592.0000
52.0000 140716192517993867988550407132679241728.0000
53.0000 -166346816380460926972080110621169811456.0000
54.0000 210732791836803074890411262911161827328.0000
55.0000 -276305463522691561771976174888542011392.0000
56.0000 366319926462478931758847679686145736704.0000
57.0000 -484692288194811589505099056740843913216.0000
58.0000 635774488363428890373718573974502244352.0000
59.0000 -824061236224269066378013477698711584768.0000
60.0000 1053828756562697075213247216324020535296.0000
61.0000 -1328712708373812623059809191002451738624.0000
62.0000 1651242225965337121713027261492489093120.0000
63.0000 -2022357460763011519563257853919935594496.0000
64.0000 2440947838601674748072704148585542844416.0000
65.0000 -2903455833933197978615215173556672397312.0000
66.0000 3403594736141140257851328157260724568064.0000
67.0000 -3932227243035415233738716563252747173888.0000
68.0000 4477443902896212476766975064599752081408.0000
69.0000 -5024866361398090698499662476561325490176.0000
70.0000 5558180906235869484945952589108220002304.0000
71.0000 -6059884735211137945406102255155193839616.0000
72.0000 6512203288989792421295332218153958637568.0000
73.0000 -6898114955470829537745834200953008422912.0000
74.0000 7202402586522325361377955554213597544448.0000
75.0000 -7412642249257169112952732807078134939648.0000
76.0000 7520040243438512349019826060373197324288.0000
77.0000 -7520040188999557522678041117813941207040.0000
78.0000 7412642052566210051614800672275090636800.0000
79.0000 -7202402130032223599239047466905120014336.0000
80.0000 6898113977702532353252501268382884036608.0000
81.0000 -6512201257497869740050543226963686850560.0000
82.0000 6059880601849885138217680198101838594048.0000
83.0000 -5558172653532426725788773929759214141440.0000
84.0000 5024850182499300149210023320125035249664.0000
85.0000 -4477412750880514879549607982274766176256.0000
86.0000 3932168317541221092047500080620469485568.0000
87.0000 -3403485217841136348488432005850968621056.0000
88.0000 2903255793269925189072233821862696583168.0000
89.0000 -2440588688510900944901928781982203904000.0000
90.0000 2021723541011095930862850715080009449472.0000
91.0000 -1650142044263978145625515463140666507264.0000
92.0000 1326834972674108432952450202217616506880.0000
93.0000 -1050676587541731780519500358585713426432.0000
94.0000 818855864998952060695558724148957020160.0000
95.0000 -627317406920986230204493286946434449408.0000
96.0000 471172413466998581220126279153903206400.0000
97.0000 -345050177754351733382436426609833541632.0000
98.0000 243371704533579911641235164536808407040.0000
99.0000 -160537979994236764032417285195671011328.0000
100.0000 91035199882601560482985451640758206464.0000
