0.0000 0.0000
1.0000 -1896547109655241898659526973741918242151532479602780879243749416254910324514889730383540639084375493668956609140935830059633876768329240783561021158733623632268958468799147480699250063129531489095365165056.0000
2.0000 3787065270538627254382833385180076359968070196412196818961116877790133588079407850895871575624786648421872194520716675002201223201489465285272858201150605008033596321873181143695361123340825604478321295360.0000
3.0000 -5665525786581170950464565490795182752624450405147043303103136650201577084067414847379477191201107777578103416826542801509659513935604735702499642827385249394315730195453488801099129287084648246880329793536.0000
4.0000 7525901602181403989200026409879017334470826363253893814978936024386284952360469288088192652584859427219908762410425398202915190417170370797111800688294786214428284145145994980870997161437592827329880522752.0000
5.0000 -9362170918842672235784389690477843387100867064746974011697240901264177977233938442049738638434697280062773684150455099179277898363929608487375347036880792258104539895097622057057055997960588740161594982400.0000
6.0000 11168324053302934903616079441200955461895038685998759105633834070090295334058211696285767260424039920247734006493744227360413307443359537337612149764225918514022954359324786224710837044658280950452361101312.0000
7.0000 -12938374431224207000619557499130067120012569856568327384648463484931724398075978760088144985040486193322596089163960200674338597447115645595840927884375153498507159891088125526490116700666505726005044314112.0000
8.0000 14666374458357060537453042309667815974920369917750099410299839924645196994160189193507121812653525821974684457624055253894364439249503085424914877608652470334870726955318207415218406284675794145208350801920.0000
9.0000 -16346436830167920880547449592937519204089480131165467442911336328952176830565772857272074270383643194006326650886128916114778882929830259371709366935268742705348354888072951784608156966981049072760370757632.0000
10.0000 17972761636941638085249403584886992514609120610074173342334608422082281146081032078898973537351949320459080633958243931335244803748223082597662627901286024766986854866500666137427485851025287404953706430464.0000
11.0000 -19539669400794207681031816407353099224451868705288903390760140159163343935787209145836787306298353288603714647448868935707813289575596383320281493642893920900225269938650074268353675645935852677878597550080.0000
12.0000 21041639950807563022116440754588693090663158724080630265711845187098517386668183490273310052418860923121606187548831474874132958098306722194365720960847002754420233678837617047713710686900075787217031659520.0000
13.0000 -22473356809870984930713149250074645232007308711984574885657135645130434138442012626826607555550507667125709694144500332227306772331952224874928258940921629460147538708543227048527066027097298263076128161792.0000
14.0000 23829756539078791516223303781062870563238602175140608936919312427004591930125108303513119145236276285051638391029860999670577523499076702859479575202695752149220199014938068792468062709473940571909259264000.0000
15.0000 -25106082269809788879430682978467687952383776940049989444905297709276707947474544040410555094391183470192938434364998000751707558467117652597505218863220532985089022242674887056075932251397317617478812041216.0000
16.0000 26297940456616946978096447325984522764186556438297965927118050966978487711026019670806509164978518669397969247091356096587063439714904723839799182095610900129471644326474911777398705160007964893058921660416.0000
17.0000 -27401359711894545487080184358200471485409648139001136064564645833975230352453313187067710465854302884731564125369308412921357553515521451046855153618368598921039169359341276516505784454822596403247483715584.0000
18.0000 28412850441274214678002839782114514056916690344504399651916946179033784798522617257971839508430804546430138094430514558389332919684239877325398966094648802990206709792642981960970032561726778781376865894400.0000
19.0000 -29329463891191310719868702573234497712381631469136881380783117900593752000552848050084528905763158061127998524681291944174285720102573580725210581711188888668563636057810400346301658516404313631190725689344.0000
20.0000 30148849150339005192470667544565191038292543664266698380461003308902046308887264549420026144741831977169861686700076033912746610646044241077503872227299643895330729683030416443256828438244417122551180820480.0000
21.0000 -30869306616910283996653410803249969559888816494213063607723717476532661296341546570912978999045788184129468947992329906381579861841067310793122922635908589217299559128603405721252041746706007307003013103616.0000
22.0000 31489836454526076829283938237989312365090853915983414490474862136361254067308584833428744146900281716483028398642628984223354827232792447091543144497302168538159427297668483135135135871121356462534898483200.0000
23.0000 -32010180611259141003968636368199033094310199173340570041072830046890587645158362944369867349138340767315266485669487264425369060052136376378410632171866418372516301262426270678619656973885117882061031473152.0000
24.0000 32430857066703380205289280076848774827872541699686613402085049654847195538369012433332047340975174331639259713835958918801006602846773378753924380510235548560237680718272468107522382440400303246663122681856.0000
25.0000 -32753185099018548784012250151185942221358816420154106621588644960529967734084334030154265674837688336606447318648532791819717710007846782508562791183411697557708232372108228959892265278890269624622982889472.0000
26.0000 32979300523713262434194601497894103015725086245334769704191047232230537427297740872157257029621999090760351832258878235086459691256571054126375393724213575452959999260165260196122986925780653566835201933312.0000
27.0000 -33112160044165159097102356514252233757414438166420680277791765943853847743154067829995667014265900683604819279187590557321892148295251242923433072718791191200045925385417466687264796697980884591681038450688.0000
28.0000 33155534065370534828153486853204011227304856243647854886695568034732847443296153088291685341736391444500833311344184555620602335975292549328445471461752024553004479066075420458697963335831932945505397506048.0000
29.0000 -33113987551496680210339128682972672125303514790248060498026407391719745992163558634619564954075990971832741935189506333619486874163478838427309743874909056707492439787007433718512427815008913319701570912256.0000
30.0000 32992848748482293941085344031567692023985139085653937589003026881871176453997906054010859893706328695943125444398426634956559889042245942941135599071384137263655793313190543123932345381412621056140464095232.0000
31.0000 -32798165839057466837077524952649017911766802668149147937448370426871658435763750914090779455581057968817300834638501980196930661635077202438970858239920778981416172854804558956976729831868297735481545719808.0000
32.0000 32536651843047958970720373795698228338066307069758353382813199820140379086041412358817203132412376129546252630716084609978765697140997468148939128713963314631741701287115184141843123488582315331961216827392.0000
33.0000 -32215618314831614698422331538012422621584232725588331689993778816743576948142402848213460442730914399101775476827977495696640376349228788072326388981638421003641096629238251154811056409377049346387335970816.0000
34.0000 31842898616852320473634686368664301757681258506681426031487128587320439889122131287526692732737195795042347698039899343119588451545539786914957618140589040326382578283808366892604906964975175259374584070144.0000
35.0000 -31426761758223949174911667296281735837084135339133301268182384872731144313174568345428866968305507366882904483675436522210609469406892276854444447432344561623390491474067828268808622124384305049951912591360.0000
36.0000 30975817976358613615119438389138411197249218622139425087428039696623665500061388043528553764380594773934027507533157005268896624310324343258802629950793370345232420497017809701317075739706023628187109425152.0000
37.0000 -30498917403637224191695941506033482810616641858074472650267093265449562304112644206096226631218368949480250249055252169315742568526366787549181034875097798523588683013490871915402551125774996579419143798784.0000
38.0000 30005043297580083297262711276477194035494817870042635282522221200289812428444238363161376410917024361127892166625787026809236583797263241303356096764924472599628642442207016860494516582853529868448525451264.0000
39.0000 -29503201419738079388497593821459868276592200977466689706806511050222461017560073363032299930391288398644529247512801676321826633699698243129977824340627016046942123442742369846481045801794979959042190868480.0000
40.0000 29002307224362221165340446664211414809657988362557481352846052347968651749803600745340913435004471049560743003922092996021834847123750527110739294011049861325543912389075784447062255787872568122576321118208.0000
41.0000 -28511072562324589447613889500455205584840043949887319971348074843133012741659447373436888338587993942577001550873050504847054323552901365348040419983605732807892229651887867798390568328795731394627041755136.0000
42.0000 28037893618957279913759561927941024469651046052030489871049386156590243220696048182872870861918684586791772574483407967262942536693360930511450873709341707881158183922586941313715036541139418182736840491008.0000
43.0000 -27590741787273352271881495270055762572677004961065074061216159959131503309996406193067582408175864650748253595758614186501341303208098784768600661552929868645178571369526515930550976073618988215309913030656.0000
44.0000 27177059131801949061710648356616919993844193067119644007657636172185013784102916074337680846178369214229089035671450036691637367318227890945328112920255835192281100110951176034852493894195006927371526733824.0000
45.0000 -26803660024820232136802407842329722432368450377266202701987430374684219615097016901573960908997744469101067401179730040664842217717344375482121674561328332900740815526907451595063528281931638836712561442816.0000
46.0000 26476640438269613835778678661108133306983467429764070897648928139925317365497706943192065645171455461062831560871545611933594088133412392230523744845638548077529430905678029002425335316658371268877045727232.0000
47.0000 -26201296253533920688422734475905742510612238705163305520742532296450918903035571633793420383332818457184844741780197650622576168599068617670714527594119747118273903653566628572697246997760834761389745635328.0000
48.0000 25982051810149469519181607480641336826672042261805554760684553372722757825831241535331618489354362271173934191180773639959488056261229431276153642671569436339754682306651138528754292773230678460759952850944.0000
49.0000 -25822399756135278134238518781989447169792208897796533045452642596175924647109964986174793503900315951854916706968499438856992505016347794743891478394139849398732335203898270581051858557335159613919013634048.0000
50.0000 25724853089753900749161193521639159303523916829260290225633465877940221877875515356134196625823094171288192439145048103917065719754840620825850248491108322308793282643208166374909930419363157854316467847168.0000
51.0000 -25690910097922145848799048736323570021967288930482940906108380613514773638373843200785599301973197416232159364237840816118298243062813396884583224445779792640470975611344290183607608823835117136841042558976.0000
52.0000 25721032702951958118605860211037770033631671036591683454338438828813281476541501659818244701090558348150016939239450417163894361128932560072173288403431407033481186045690702323795935223005677598756252418048.0000
53.0000 -25814638529541494622708108397634912781447505365866198688920812871586619177728516097116367731554275248018264858333953820338624322329805930952365427753147660314583562820526962437810428808168112654041554616320.0000
54.0000 25970106800646925624573325185766840999329994709342253004486866466034430762563725545921940711333797768076362379205193659271194821289946088705758166048631837560794312355530453907185709195480122282221177405440.0000
55.0000 -26184797966705446699367343782805796040778724937643358073131639383999568347543484211293366356582156588312556111752807028833485535469865694974591074537482313567505492701788388336625485815130722586486827384832.0000
56.0000 26455086770289623972426221632859323707988116733349062484150415154403819349731119631476497440820387181228551030364455530720841981145403225386372178527403149153357143952566425231142333433012757213496360304640.0000
57.0000 -26776408250289714955912196832196684959933581641425576937230032631372186290510505942671771226806573080899406305712198821571546665474078542128638582467597873185237576725092003188635557381405087629754247413760.0000
58.0000 27143315998786161224710739691862139518463258495092056425922116271931949554445158322038738766614988173830800429205570563714051781958030214896853061535491532757891040856618076909355634089633455693320016625664.0000
59.0000 -27549551802547067639496741166918552275647073352273006719683420908630506503958495899529202884419288682810139658201399105499167022888898461292324709401428862344569331910374751745471571275746736669959651328000.0000
60.0000 27988125632231974907770130974389896196813466231564497961100295459221378252881187219668702714527443374592600855698488148252247596857024030038881797761900828849956278364872700273216331068486618199415926554624.0000
61.0000 -28451404788564966714877227927102183362511828075087659388145468998523048253689144994783757987387417691733986758251882749344091516509545900388550943576324140367813081898101114043869913043455030110253154828288.0000
62.0000 28931210878584489303199749816393986963354977221914208307710003497308279495784474420228166110733554450952781418110058135111381797053135061873624939325072952062016626742325559972538626816953964063735188291584.0000
63.0000 -29418923179131499044693751477812748006312443492090212889468800695326395411799993613764262515695774729306014564591449362134568907791865483001052535532146593104261530672989469035801105130053487683029260304384.0000
64.0000 29905586851412296057488878875605710784128325927703663308153064004946761886155079874692901529834044842309135392783699863407562061855979201076764344357458531073030414027553248104626487207949728384804565549056.0000
65.0000 -30382024401969472410158498004550786527792057047274408596611441197123555069112277802867725762079147804427670727213800894616788311069296502564243953915523910594728586695278082751761684428644395904455195754496.0000
66.0000 30838948743626132882589526929316286648556892961733914932699973001603604621784120320071324047005176772131948558783312432355488434778191383167349283870749241674278210205573957737372053986431801076297750282240.0000
67.0000 -31267076196471140445731153148265909131256495543672043163952978378593690558642038724450812509778748416205619140563222729844716699700582169341728355939648266399348356684586220346797806593924145806913222737920.0000
68.0000 31657237784795086423565532756577224361370247969460796956411211767822694693083075891083419800097120708136888077285917284140566077527791205941284130924344346475646554788527379906851551779109840039751519830016.0000
69.0000 -32000487231588403458893821174869503203515576420638632812658462289924575593816333465061272199512553694280616236205962589304530879099146466611621376110951093047938909937392647429190404261930294635668810235904.0000
70.0000 32288204127662075343064971073455602949819806453790773368052559347838170565904464723505417474948429395430014123935741960128645048033173160075412100361515518819566441791573023110806284574918726458181704220672.0000
71.0000 -32512190856848513477977119700727257614962804657518763034652537358849059253433523051395882634535446004650699634002764974434476912142297502601151014146854544183381760950642072193961449408089753184412110946304.0000
72.0000 32664761990547056380965904100268302005170701563658754053021902837831123668711795057812163778351364780250917646769999671553482512830852743972364046973803818052790176036136536293463013870569687627400925413376.0000
73.0000 -32738825021805466978658874623110701665622696192527898004200881613396034190635734617661384880674742528853670502709002221871415571516094492252446522954363827282023755732545983629534114438161544689908323450880.0000
74.0000 32727951488135808083117170457608190623121323600595027998604108151110740221466407689542286899225761210815670872810549688339413728847020954172854752137778992123526910780035048680818971456787358093374501421056.0000
75.0000 -32626437729598586761546118777623659124686758837732671838199257520810419336580253840531341691686915415906219527557731591982248388669341982646811270612427203933267296650508623387459437162735577235834879868928.0000
76.0000 32429354739959295952987531214282135330796528938445507511141934637749839705047589404000789758975405644461867830408442046648113282268238729713864462039574126886732965071790791227620601176707338677009281712128.0000
77.0000 -32132586788982079852696769486229626597391565911462501671090662602006805658585510085061091799612237866124039283448136493759069519022179932188305365002999042848669563715395971627526700387999579533941273526272.0000
78.0000 31732858717811179106790842801788848149427472808918949496090515671778803703321543504206249793730217619880609556485575859312555250919596532663689001399387253211567978056472708843417698681649449823984269918208.0000
79.0000 -31227752031262410482431544295798497240683696878181010780498014578325278570313485076371071571645823425508210655112346378207775179991217782737150222654440225711368336419814870838940315982550660643554051751936.0000
80.0000 30615710124963236253635035056556846472193553081805895623983067175499830314205578598068265651028648602619901932888267726621746352871784986290005540939104826384156939985056468154341143066329599019475391217664.0000
81.0000 -29896033185975940240042479995441866917985515071831425326917617644802319803803691684584040013435847059389316168176386879146857926100572234895895712505533988746042687990690782769146501450909785457188044537856.0000
82.0000 29068863487421637530356472072416587219578009546311216997702306482834829796922449483692664760200721127552532499299413530882494240728801078254345195251131373118079451007649957698492391099468737088309877014528.0000
83.0000 -28135161955760013008554919647643563116031703286230013755851556119687455232365265743088075589598381027109528544516269723188188601667150660275207868396851482994205576456157200988745504039452249448283520368640.0000
84.0000 27096677019475735410821746438677403151559339723098416103899831511337629097981779900931242643759036138172715773464099769250946549677115512394431868550391149366098110143559544247831794597363490032967701495808.0000
85.0000 -25955906846490636998465389788432973599296870276876777747264238808736667838514170488167341519011927188757221677342880462867747931758216759433857338544267713584364523807190597507945244436442154073332698316800.0000
86.0000 24716056142119744712491858774631220211898188387665505279954847338843097374108511858539656107952474637196791855644550471436738620706570855397497024541817433813064608523166736972974518006412269342561369325568.0000
87.0000 -23380988708336317044757062610671170098084055037305387358738760990771281460340588451207512726589511051663738499079805800466978453332954466022808589046036005001103717901879131425407732802267839103283207602176.0000
88.0000 21955176958156883325481789419463453740899813639166978349581199143536370524963794969606693744716155996396212060099355759121234856310415315755933539059783908673118201333694293059915508737181381404955491958784.0000
89.0000 -20443649536923017699816878484817534291975334728803086996037884320208081349999083511475820726679768119355392358748951469202176742179804173644766857929446481219041263614833371514013831795527987693872870326272.0000
90.0000 18851938127124914447566971529277666770858755488883708737330253120764891234997212922759402064793038872341407400539761259206929691972889329788460330346598311387875538147770592249394694202603335954864233512960.0000
91.0000 -17186024408279102241538744650052417695582316506769354935307742392797634113022777957105383165763599492806457222829713683175616760629983271398993521113977847388299235577919551391082363547800314583569037000704.0000
92.0000 15452288012354667350819900427370749840769130728314772730839299523993866451707130897956664360664990236419232779114953149614601657138091012799967159584287040930431680055067451128555502946695451042352346431488.0000
93.0000 -13657456163343890841416087873260035768781360898220436666331808106383187490773998492093017003743884793243844020251539063390030157527223788583936391715508364481778862888058621127926846228015288940170712186880.0000
94.0000 11808555522518309913298665702740241552330982226833902043127214444027533938915548499364114503545859275169047790123601750533473872506404002289135764457313120960649980387284409833579539277823378539657176285184.0000
95.0000 -9912866584948861719472723880358406798559433139862557755092214810655777225760505355997709589494228142095263490863159510035736106053503715893171177706414283623565273067772369524607568116054465331074128936960.0000
96.0000 7977880794550763300705490815411480004038445583876021878051603507036927429717176924971788848446350351424421835756693659799252918195320715148755395941171547443690260478688252852082908361362796415991871963136.0000
97.0000 -6011260370864286171150846155650982608649073915286320711463984272658568913379689745565953846384769057579954930365856462307072890571379490310982188168217062092229195096422345915408471422714512868712489418752.0000
98.0000 4020800677456608874233876962859933537989403340947136277927641971594362126353113310641731917538512339094482383525066591769263742709146164872785810146793512081090792742711540295837932639781145300784648290304.0000
99.0000 -2014394815282314832375249084645392035142047221382441678792487584000084825465358372881352204306303753890888651013243637469722923415685398231653870230764325213570157291385258836235670054442927610280607219712.0000
100.0000 0.0000
