0.0000 1.0000
1.0000 0.9899
2.0000 0.9799
3.0000 0.9698
4.0000 0.9598
5.0000 0.9497
6.0000 0.9397
7.0000 0.9296
8.0000 0.9196
9.0000 0.9095
10.0000 0.8995
11.0000 0.8894
12.0000 0.8794
13.0000 0.8693
14.0000 0.8593
15.0000 0.8492
16.0000 0.8392
17.0000 0.8291
18.0000 0.8191
19.0000 0.8090
20.0000 0.7990
21.0000 0.7890
22.0000 0.7789
23.0000 0.7689
24.0000 0.7588
25.0000 0.7488
26.0000 0.7388
27.0000 0.7287
28.0000 0.7187
29.0000 0.7087
30.0000 0.6986
31.0000 0.6886
32.0000 0.6786
33.0000 0.6685
34.0000 0.6585
35.0000 0.6485
36.0000 0.6385
37.0000 0.6284
38.0000 0.6184
39.0000 0.6084
40.0000 0.5984
41.0000 0.5884
42.0000 0.5783
43.0000 0.5683
44.0000 0.5583
45.0000 0.5483
46.0000 0.5383
47.0000 0.5283
48.0000 0.5183
49.0000 0.5083
50.0000 0.4983
51.0000 0.4883
52.0000 0.4783
53.0000 0.4683
54.0000 0.4583
55.0000 0.4483
56.0000 0.4383
57.0000 0.4283
58.0000 0.4183
59.0000 0.4084
60.0000 0.3984
61.0000 0.3884
62.0000 0.3784
63.0000 0.3684
64.0000 0.3585
65.0000 0.3485
66.0000 0.3385
67.0000 0.3285
68.0000 0.3186
69.0000 0.3086
70.0000 0.2986
71.0000 0.2887
72.0000 0.2787
73.0000 0.2687
74.0000 0.2588
75.0000 0.2488
76.0000 0.2388
77.0000 0.2289
78.0000 0.2189
79.0000 0.2090
80.0000 0.1990
81.0000 0.1890
82.0000 0.1791
83.0000 0.1691
84.0000 0.1592
85.0000 0.1492
86.0000 0.1393
87.0000 0.1293
88.0000 0.1194
89.0000 0.1094
90.0000 0.0995
91.0000 0.0895
92.0000 0.0796
93.0000 0.0696
94.0000 0.0597
95.0000 0.0497
96.0000 0.0398
97.0000 0.0298
98.0000 0.0199
99.0000 0.0099
100.0000 0.0000
