0.0000 0.0120
1.0000 0.0120
2.0000 0.0138
3.0000 0.0138
4.0000 0.0194
5.0000 0.0194
6.0000 0.0293
7.0000 0.0293
8.0000 0.0447
9.0000 0.0447
10.0000 0.0668
11.0000 0.0668
12.0000 0.0968
13.0000 0.0968
14.0000 0.1357
15.0000 0.1357
16.0000 0.1841
17.0000 0.1841
18.0000 0.2421
19.0000 0.2421
20.0000 0.3087
21.0000 0.3087
22.0000 0.3822
23.0000 0.3822
24.0000 0.4602
25.0000 0.4602
26.0000 0.5398
27.0000 0.5398
28.0000 0.6178
29.0000 0.6178
30.0000 0.6913
31.0000 0.6913
32.0000 0.7579
33.0000 0.7579
34.0000 0.8159
35.0000 0.8159
36.0000 0.8644
37.0000 0.8643
38.0000 0.9033
39.0000 0.9032
40.0000 0.9333
41.0000 0.9332
42.0000 0.9555
43.0000 0.9553
44.0000 0.9711
45.0000 0.9707
46.0000 0.9815
47.0000 0.9806
48.0000 0.9878
49.0000 0.9862
50.0000 0.9907
51.0000 0.9880
52.0000 0.9907
53.0000 0.9862
54.0000 0.9878
55.0000 0.9806
56.0000 0.9815
57.0000 0.9707
58.0000 0.9711
59.0000 0.9553
60.0000 0.9555
61.0000 0.9332
62.0000 0.9333
63.0000 0.9032
64.0000 0.9033
65.0000 0.8643
66.0000 0.8644
67.0000 0.8159
68.0000 0.8159
69.0000 0.7579
70.0000 0.7579
71.0000 0.6913
72.0000 0.6913
73.0000 0.6178
74.0000 0.6178
75.0000 0.5398
76.0000 0.5398
77.0000 0.4602
78.0000 0.4602
79.0000 0.3822
80.0000 0.3822
81.0000 0.3087
82.0000 0.3087
83.0000 0.2421
84.0000 0.2421
85.0000 0.1841
86.0000 0.1841
87.0000 0.1357
88.0000 0.1357
89.0000 0.0968
90.0000 0.0968
91.0000 0.0668
92.0000 0.0668
93.0000 0.0447
94.0000 0.0447
95.0000 0.0293
96.0000 0.0293
97.0000 0.0194
98.0000 0.0194
99.0000 0.0138
100.0000 0.0138
