0.0000 0.0000
1.0000 0.0000
2.0000 0.0000
3.0000 0.0000
4.0000 0.0000
5.0000 0.0000
6.0000 0.0000
7.0000 0.0000
8.0000 0.0000
9.0000 0.0000
10.0000 0.0002
11.0000 0.0002
12.0000 0.0013
13.0000 0.0013
14.0000 0.0059
15.0000 0.0059
16.0000 0.0207
17.0000 0.0207
18.0000 0.0577
19.0000 0.0577
20.0000 0.1316
21.0000 0.1316
22.0000 0.2517
23.0000 0.2517
24.0000 0.4119
25.0000 0.4119
26.0000 0.5881
27.0000 0.5881
28.0000 0.7483
29.0000 0.7483
30.0000 0.8684
31.0000 0.8684
32.0000 0.9423
33.0000 0.9423
34.0000 0.9793
35.0000 0.9793
36.0000 0.9941
37.0000 0.9941
38.0000 0.9987
39.0000 0.9987
40.0000 0.9998
41.0000 0.9998
42.0000 1.0000
43.0000 1.0000
44.0000 1.0000
45.0000 1.0000
46.0000 1.0000
47.0000 1.0000
48.0000 1.0000
49.0000 1.0000
50.0000 1.0000
51.0000 1.0000
52.0000 1.0000
53.0000 1.0000
54.0000 1.0000
55.0000 1.0000
56.0000 1.0000
57.0000 1.0000
58.0000 1.0000
59.0000 1.0000
60.0000 1.0000
61.0000 0.9998
62.0000 0.9998
63.0000 0.9987
64.0000 0.9987
65.0000 0.9941
66.0000 0.9941
67.0000 0.9793
68.0000 0.9793
69.0000 0.9423
70.0000 0.9423
71.0000 0.8684
72.0000 0.8684
73.0000 0.7483
74.0000 0.7483
75.0000 0.5881
76.0000 0.5881
77.0000 0.4119
78.0000 0.4119
79.0000 0.2517
80.0000 0.2517
81.0000 0.1316
82.0000 0.1316
83.0000 0.0577
84.0000 0.0577
85.0000 0.0207
86.0000 0.0207
87.0000 0.0059
88.0000 0.0059
89.0000 0.0013
90.0000 0.0013
91.0000 0.0002
92.0000 0.0002
93.0000 0.0000
94.0000 0.0000
95.0000 0.0000
96.0000 0.0000
97.0000 0.0000
98.0000 0.0000
99.0000 0.0000
100.0000 0.0000
