0.0000 0.0772
1.0000 0.0772
2.0000 0.0787
3.0000 0.0817
4.0000 0.0861
5.0000 0.0920
6.0000 0.0994
7.0000 0.1083
8.0000 0.1187
9.0000 0.1305
10.0000 0.1438
11.0000 0.1586
12.0000 0.1748
13.0000 0.1923
14.0000 0.2113
15.0000 0.2315
16.0000 0.2529
17.0000 0.2755
18.0000 0.2992
19.0000 0.3239
20.0000 0.3494
21.0000 0.3758
22.0000 0.4027
23.0000 0.4301
24.0000 0.4580
25.0000 0.4860
26.0000 0.5141
27.0000 0.5421
28.0000 0.5700
29.0000 0.5974
30.0000 0.6244
31.0000 0.6507
32.0000 0.6763
33.0000 0.7011
34.0000 0.7248
35.0000 0.7475
36.0000 0.7690
37.0000 0.7894
38.0000 0.8084
39.0000 0.8261
40.0000 0.8425
41.0000 0.8575
42.0000 0.8710
43.0000 0.8832
44.0000 0.8939
45.0000 0.9031
46.0000 0.9110
47.0000 0.9173
48.0000 0.9223
49.0000 0.9259
50.0000 0.9280
51.0000 0.9287
52.0000 0.9280
53.0000 0.9259
54.0000 0.9223
55.0000 0.9173
56.0000 0.9110
57.0000 0.9031
58.0000 0.8939
59.0000 0.8832
60.0000 0.8710
61.0000 0.8575
62.0000 0.8425
63.0000 0.8261
64.0000 0.8084
65.0000 0.7894
66.0000 0.7690
67.0000 0.7475
68.0000 0.7248
69.0000 0.7011
70.0000 0.6763
71.0000 0.6507
72.0000 0.6244
73.0000 0.5974
74.0000 0.5700
75.0000 0.5421
76.0000 0.5141
77.0000 0.4860
78.0000 0.4580
79.0000 0.4301
80.0000 0.4027
81.0000 0.3758
82.0000 0.3494
83.0000 0.3239
84.0000 0.2992
85.0000 0.2755
86.0000 0.2529
87.0000 0.2315
88.0000 0.2113
89.0000 0.1923
90.0000 0.1748
91.0000 0.1586
92.0000 0.1438
93.0000 0.1305
94.0000 0.1187
95.0000 0.1083
96.0000 0.0994
97.0000 0.0920
98.0000 0.0861
99.0000 0.0817
100.0000 0.0787
