0.0000 0.0000
1.0000 0.0105
2.0000 0.0216
3.0000 0.0314
4.0000 0.0431
5.0000 0.0522
6.0000 0.0645
7.0000 0.0728
8.0000 0.0856
9.0000 0.0931
10.0000 0.1064
11.0000 0.1131
12.0000 0.1267
13.0000 0.1326
14.0000 0.1466
15.0000 0.1516
16.0000 0.1659
17.0000 0.1700
18.0000 0.1845
19.0000 0.1878
20.0000 0.2025
21.0000 0.2048
22.0000 0.2196
23.0000 0.2210
24.0000 0.2359
25.0000 0.2364
26.0000 0.2513
27.0000 0.2508
28.0000 0.2656
29.0000 0.2642
30.0000 0.2790
31.0000 0.2767
32.0000 0.2912
33.0000 0.2880
34.0000 0.3023
35.0000 0.2982
36.0000 0.3123
37.0000 0.3073
38.0000 0.3210
39.0000 0.3151
40.0000 0.3284
41.0000 0.3217
42.0000 0.3346
43.0000 0.3270
44.0000 0.3394
45.0000 0.3311
46.0000 0.3429
47.0000 0.3338
48.0000 0.3450
49.0000 0.3352
50.0000 0.3458
51.0000 0.3353
52.0000 0.3452
53.0000 0.3341
54.0000 0.3433
55.0000 0.3315
56.0000 0.3399
57.0000 0.3277
58.0000 0.3353
59.0000 0.3225
60.0000 0.3293
61.0000 0.3161
62.0000 0.3220
63.0000 0.3084
64.0000 0.3135
65.0000 0.2995
66.0000 0.3036
67.0000 0.2894
68.0000 0.2926
69.0000 0.2781
70.0000 0.2804
71.0000 0.2657
72.0000 0.2671
73.0000 0.2523
74.0000 0.2528
75.0000 0.2379
76.0000 0.2374
77.0000 0.2225
78.0000 0.2211
79.0000 0.2063
80.0000 0.2039
81.0000 0.1892
82.0000 0.1859
83.0000 0.1714
84.0000 0.1672
85.0000 0.1528
86.0000 0.1478
87.0000 0.1337
88.0000 0.1278
89.0000 0.1141
90.0000 0.1073
91.0000 0.0940
92.0000 0.0863
93.0000 0.0735
94.0000 0.0651
95.0000 0.0527
96.0000 0.0435
97.0000 0.0317
98.0000 0.0218
99.0000 0.0106
100.0000 0.0000
