0.0000 0.4762
1.0000 0.4762
2.0000 0.4763
3.0000 0.4765
4.0000 0.4769
5.0000 0.4773
6.0000 0.4779
7.0000 0.4785
8.0000 0.4793
9.0000 0.4801
10.0000 0.4811
11.0000 0.4821
12.0000 0.4832
13.0000 0.4845
14.0000 0.4858
15.0000 0.4871
16.0000 0.4886
17.0000 0.4901
18.0000 0.4916
19.0000 0.4932
20.0000 0.4949
21.0000 0.4966
22.0000 0.4983
23.0000 0.5001
24.0000 0.5018
25.0000 0.5036
26.0000 0.5054
27.0000 0.5072
28.0000 0.5090
29.0000 0.5107
30.0000 0.5125
31.0000 0.5142
32.0000 0.5159
33.0000 0.5175
34.0000 0.5191
35.0000 0.5206
36.0000 0.5221
37.0000 0.5235
38.0000 0.5248
39.0000 0.5261
40.0000 0.5272
41.0000 0.5283
42.0000 0.5293
43.0000 0.5302
44.0000 0.5310
45.0000 0.5317
46.0000 0.5323
47.0000 0.5328
48.0000 0.5332
49.0000 0.5335
50.0000 0.5336
51.0000 0.5337
52.0000 0.5336
53.0000 0.5335
54.0000 0.5332
55.0000 0.5328
56.0000 0.5323
57.0000 0.5317
58.0000 0.5310
59.0000 0.5302
60.0000 0.5293
61.0000 0.5283
62.0000 0.5272
63.0000 0.5261
64.0000 0.5248
65.0000 0.5235
66.0000 0.5221
67.0000 0.5206
68.0000 0.5191
69.0000 0.5175
70.0000 0.5159
71.0000 0.5142
72.0000 0.5125
73.0000 0.5107
74.0000 0.5090
75.0000 0.5072
76.0000 0.5054
77.0000 0.5036
78.0000 0.5018
79.0000 0.5001
80.0000 0.4983
81.0000 0.4966
82.0000 0.4949
83.0000 0.4932
84.0000 0.4916
85.0000 0.4901
86.0000 0.4886
87.0000 0.4871
88.0000 0.4858
89.0000 0.4845
90.0000 0.4832
91.0000 0.4821
92.0000 0.4811
93.0000 0.4801
94.0000 0.4793
95.0000 0.4785
96.0000 0.4779
97.0000 0.4773
98.0000 0.4769
99.0000 0.4765
100.0000 0.4763
