0.0000 0.0000
1.0000 0.0001
2.0000 0.0002
3.0000 0.0002
4.0000 0.0003
5.0000 0.0004
6.0000 0.0005
7.0000 0.0005
8.0000 0.0006
9.0000 0.0007
10.0000 0.0008
11.0000 0.0008
12.0000 0.0009
13.0000 0.0010
14.0000 0.0010
15.0000 0.0011
16.0000 0.0012
17.0000 0.0012
18.0000 0.0013
19.0000 0.0014
20.0000 0.0014
21.0000 0.0015
22.0000 0.0016
23.0000 0.0016
24.0000 0.0017
25.0000 0.0017
26.0000 0.0018
27.0000 0.0018
28.0000 0.0019
29.0000 0.0019
30.0000 0.0020
31.0000 0.0020
32.0000 0.0021
33.0000 0.0021
34.0000 0.0021
35.0000 0.0022
36.0000 0.0022
37.0000 0.0022
38.0000 0.0023
39.0000 0.0023
40.0000 0.0023
41.0000 0.0024
42.0000 0.0024
43.0000 0.0024
44.0000 0.0024
45.0000 0.0024
46.0000 0.0024
47.0000 0.0024
48.0000 0.0024
49.0000 0.0024
50.0000 0.0024
51.0000 0.0024
52.0000 0.0024
53.0000 0.0024
54.0000 0.0024
55.0000 0.0024
56.0000 0.0024
57.0000 0.0024
58.0000 0.0024
59.0000 0.0024
60.0000 0.0023
61.0000 0.0023
62.0000 0.0023
63.0000 0.0022
64.0000 0.0022
65.0000 0.0022
66.0000 0.0021
67.0000 0.0021
68.0000 0.0021
69.0000 0.0020
70.0000 0.0020
71.0000 0.0019
72.0000 0.0019
73.0000 0.0018
74.0000 0.0018
75.0000 0.0017
76.0000 0.0017
77.0000 0.0016
78.0000 0.0016
79.0000 0.0015
80.0000 0.0014
81.0000 0.0014
82.0000 0.0013
83.0000 0.0012
84.0000 0.0012
85.0000 0.0011
86.0000 0.0010
87.0000 0.0010
88.0000 0.0009
89.0000 0.0008
90.0000 0.0008
91.0000 0.0007
92.0000 0.0006
93.0000 0.0005
94.0000 0.0005
95.0000 0.0004
96.0000 0.0003
97.0000 0.0002
98.0000 0.0002
99.0000 0.0001
100.0000 0.0000
