0.0000 1.0000
1.0000 -186407292265725033356090024186797993215655936.0000
2.0000 364600986859714042539903376824043666745065472.0000
3.0000 -526964819805950760465459501349227181973176320.0000
4.0000 667016961605075836627265177457592258657255424.0000
5.0000 -779834386834676221207235359839244505648726016.0000
6.0000 862326281108644034981295996915702160548691968.0000
7.0000 -913336866789062319068604248834242813475422208.0000
8.0000 933578210229876893524143683805977934334787584.0000
9.0000 -925412439422714738300681692052803712293273600.0000
10.0000 892517842741804900590747945711953461964177408.0000
11.0000 -839482788673804627525723104370255549305978880.0000
12.0000 771374538794001961007939886779875636994375680.0000
13.0000 -693327074059864640042211340634525999069921280.0000
14.0000 610184138786107088616949173569143629965950976.0000
15.0000 -526222535993450955427622676266247048027701248.0000
16.0000 444968230763335369583478840163089877957607424.0000
17.0000 -369105882010156854114663940788797472203866112.0000
18.0000 300472499705568498306424789079199568952819712.0000
19.0000 -240118943824731533262810953922217700979900416.0000
20.0000 188419283061794756866711772411522848303087616.0000
21.0000 -145207425110606842111305303398743815730757632.0000
22.0000 109922330638157593353667114397387136436273152.0000
23.0000 -81746722617019706722467999700176924636610560.0000
24.0000 59728643815223048457577548171765428363722752.0000
25.0000 -42879730943994486738442963496340859878637568.0000
26.0000 30248080357995506618927158231913577691742208.0000
27.0000 -20966716530011216776101089956378584654282752.0000
28.0000 14280796978653962266205002614533417171156992.0000
29.0000 -9557830010658197898368446598236891741421568.0000
30.0000 6285500293859176325911642187822490428899328.0000
31.0000 -4061410285961938577031887723891186412290048.0000
32.0000 2578382928576204148364841501670170062487552.0000
33.0000 -1608137552783441036829785290163771756511232.0000
34.0000 985305098756878818377744554988542359502848.0000
35.0000 -592995777939155348236990265655389633642496.0000
36.0000 350527873258956046801033704835838914854912.0000
37.0000 -203486510743372394342212701257500903604224.0000
38.0000 115994703915361776632513711013436307013632.0000
39.0000 -64919158959227913415082324015158153707520.0000
40.0000 35667927466843810654412815528811009409024.0000
41.0000 -19234749535037220127572884547736805834752.0000
42.0000 10179525684277997293691348782316836093952.0000
43.0000 -5285970804589518542172636331924852310016.0000
44.0000 2692756827335681621106995519019248779264.0000
45.0000 -1345422138311771230354855468769742946304.0000
46.0000 659200853505877607189850827889267703808.0000
47.0000 -316648934040439195227542224439072522240.0000
48.0000 149086086775609871976553774312115404800.0000
49.0000 -68783923143205971446389660069100781568.0000
50.0000 31089473625130867920859695656535588864.0000
51.0000 -13762454578693694112261970959416688640.0000
52.0000 5964957634895476209755866023271071744.0000
53.0000 -2530542143789375261228985180351365120.0000
54.0000 1050444070781404730444304448539852800.0000
55.0000 -426516670292388923008863293086367744.0000
56.0000 169334350425174486773492634410287104.0000
57.0000 -65710314113154636936146001516822528.0000
58.0000 24912969120635503603880172548259840.0000
59.0000 -9224332119298125567049127769931776.0000
60.0000 3333996775777947143231931515142144.0000
61.0000 -1175731201321338504067838195531776.0000
62.0000 404336565765996608784936653029376.0000
63.0000 -135530268444779403400641071022080.0000
64.0000 44252697680474267135773107027968.0000
65.0000 -14066619391409816308952955092992.0000
66.0000 4350165768271812378697240936448.0000
67.0000 -1307944257420518030946575843328.0000
68.0000 382051032842546323303306362880.0000
69.0000 -108333261185424713457852219392.0000
70.0000 29795197469124036734612406272.0000
71.0000 -7941164734901227901117530112.0000
72.0000 2049066986632228343958732800.0000
73.0000 -511340992207666441829220352.0000
74.0000 123270871103849493111504896.0000
75.0000 -28673382887689880973869056.0000
76.0000 6426800098022771233128448.0000
77.0000 -1386075333259833731186688.0000
78.0000 287195338102567734345728.0000
79.0000 -57072201109944534040576.0000
80.0000 10857090535244016123904.0000
81.0000 -1973079705513653436416.0000
82.0000 341760206757813551104.0000
83.0000 -56277392154344300544.0000
84.0000 8784938237098181632.0000
85.0000 -1295789697488688384.0000
86.0000 179941452285851520.0000
87.0000 -23426637004294720.0000
88.0000 2845584878758582.0000
89.0000 -320677340969718.0000
90.0000 33305164889922.0000
91.0000 -3162601358838.0000
92.0000 271931464037.0000
93.0000 -20918502988.0000
94.0000 1417753262.0000
95.0000 -82968268.0000
96.0000 4077977.0000
97.0000 -161698.0000
98.0000 4852.0000
99.0000 -98.0000
100.0000 0.0000
