0.0000 1.0000
1.0000 -1122497502917670974852121517365220949012599578718619272421981364807437100858960137354489270980873360935439065661207845273600.0000
2.0000 2236373315200981779925260761166019286370947514100946772964377134595861323592952742344184336598590525003404097159061666004992.0000
3.0000 -3333115896108550475643535309539027462140970726407546202874798940441476545946608103714642379866117954212983366134697904046080.0000
4.0000 4404432038423260635565774865309660559461635516234919478573277684791389758421455964537129180510801590422063040398386631016448.0000
5.0000 -5442351164598487833554861117567058231523601608692488188695674144236339452666678517736505948940669621514148686193685241528320.0000
6.0000 6439323903014187394133904620734723904387612667683629168993367465484342274602706428583285801600176562731105731790008504811520.0000
7.0000 -7388313242060662537426896594676923421811393519687703396029742340912251237063117077959648192596902233712958441660224920092672.0000
8.0000 8282876727584556925211383858567915369746194286775734714610366481372806420117218503478312237484212434440924154130137486458880.0000
9.0000 -9117238370113847279426667249210555018749053891274726943168181626102609475370042816834873098964753736023796871996052800012288.0000
10.0000 9886349156731459246710623303346655686224846143231101747010355470318040939106890908525287289342767599342292468789509986713600.0000
11.0000 -10585935312305758385519072615396078736461780357767394447806311381010936811850110139272140344975784771027452464793672069677056.0000
12.0000 11212533719334245711949146452329282046189084996652288516793722302351407779302917827881952560755430204094882189811977126150144.0000
13.0000 -11763514177955128127929347018511165916453972035417614135832996514250803499138621736992387121718192117740964660420920756666368.0000
14.0000 12237088460706017114393975797380656539109112442681890537375992831722129721995003678950049101538855282961077420977383840677888.0000
15.0000 -12632306383480607841724093375777771806478053136251957440544222994375568425962268344599223435545504667751495837816847050211328.0000
16.0000 12949039368326530765730404716195118600409360775173487514452432276309661971720364828215876627899371403506096959611768760434688.0000
17.0000 -13187952209247736515841644852281069483238822683885582472027999250167906135352576444681137606229277014095862447647981502988288.0000
18.0000 13350463963733872160607869818099358805287659018381898345342642628792164784528797077263867937182109814403506004358539128078336.0000
19.0000 -13438699075881844138735932599986151812177771903029946391579232422912428837414521518233313303025489933085485027354508320047104.0000
20.0000 13455429988188725744040116713039649105341154333745070626167160527993549409443904153841491533608655306636892590679866992492544.0000
21.0000 -13404012615877719891199620678691227582933825150140255344027439733649541964240904576330489456996391011374474157917682079367168.0000
22.0000 13288316138512905903095303675195694203424263639486452441993889870992994645686039575408153942492797967569424538515362665201664.0000
23.0000 -13112648608253215106395924196183886745592042934721449890467723506564702465613700514977151400979723019740203308811626737565696.0000
24.0000 12881679882989292128998281193470584577650963154286635556218684995976723499780181823049707112708000612105220258406629826887680.0000
25.0000 -12600363367344112378342177331381722791031622220855460165926723883416960673201701006890691450288443138262951131123706872463360.0000
26.0000 12273857987496864043069071659818779257471347987971422151362745306881434913247482143059413143631271514950998901914513457545216.0000
27.0000 -11907451740144492695831438493202121263617366394366964371270454881882112281913701193261414200487414643182811177159936800980992.0000
28.0000 11506488045387366509025990748370917544598634547409636972348201144237260322742319487191993073175961472330349780378052779311104.0000
29.0000 -11076296002113695420303899231609177799078999844941060507337906682306178557141168615601369897457109030831121843906211133521920.0000
30.0000 10622125497070799528777128110931415305757025309917573482138507924280454309967307200140071844869751079960399677505212627550208.0000
31.0000 -10149087959914178670763658741106890126904803813610438207379936734839683352042296088355327937665897451807897003359746308177920.0000
32.0000 9662103390791242620437603821125916313484473429244373471729304860005271226108046195499694628835807784794282787103205536825344.0000
33.0000 -9165854118989065357257974504671151083989618751427120922011529806768782307469325066480597736651358748958336431226800777986048.0000
34.0000 8664745585143805885600747785244103891554616690701353803321666159702115751877710587026159063085146395075358384420303562342400.0000
35.0000 -8162874279399694079333456449802054593027398865256100314331201355649051962951410425003200144442471867670367569784160242368512.0000
36.0000 7664002817192541407259304019405135617240462070188163146468724574214075157763891173668452066051367591807796906857660093038592.0000
37.0000 -7171541995971882339281914319439329448688738499754852433275270332129873787035350896380616197290963956994320755410753229422592.0000
38.0000 6688539552556484090159900636940247732703117948117162324049226959357472041834163468578055912459632180332281059490922781212672.0000
39.0000 -6217675233739609782387733997183618310374380802965949392561378589284276781185076129470683071147766177987779603547139898081280.0000
40.0000 5761261703427860787321761246689822212540716881157651800060622170949632786327975134594065666994006126421775413154370266595328.0000
41.0000 -5321250738636832228943287714914557122520336047642094472401476822572419974632794741927544305685559038871311934458488982339584.0000
42.0000 4899244114157057228950878642333206732499555637925003475659934655279052950644912196906322429300880728401307530577136490381312.0000
43.0000 -4496508541223967419642764694891697160210628812155947449458989934880237777499889914247183629296416937374349855966410372546560.0000
44.0000 4113994008212288701888607386830420697910033934017360030752993359762578692319444767478921886904539744205568435247978370826240.0000
45.0000 -3752354869989995750277340689459206394839815056647411878378121805184852110946593423925387166855311247050659203009526336847872.0000
46.0000 3411973045567600389430851359055329975326686577330270462397509295632780528488650130591359433835556157933569609004785606852608.0000
47.0000 -3092982709294728215250123066744046038063809241257394118691276636856137364859727643979435218455362126061345081815881337536512.0000
48.0000 2795295897162777450262777463048954153689421712663074039516654420516396718113585938179040414485371048846781955818905420169216.0000
49.0000 -2518628494762632053049544401745719875198281434399579509395142770939632221788906869339248477023384451442507137333283212230656.0000
50.0000 2262526125096865353071332935464054041817319629132859537423447686271676008192214775063872539282924925431783169579690959568896.0000
51.0000 -2026389510777383756787377959064014456951088290316667394257105428932264307146229473173695514879886954209207147078948436836352.0000
52.0000 1809498944270086758480962240345467031910867328828879384687445196166934865868382352031225268279665770320976280801469479780352.0000
53.0000 -1611037560034930692085526793324699308942168816161177011577098394872076058619035424465529685765514890587871860508917873246208.0000
54.0000 1430113162084702118321568373699241615213921161566929413998984336126043521408020495170972082759065647264026147907622116786176.0000
55.0000 -1265778418278894686485445553727795469093263739805431701404679356935904671603121992008328130975361260247070392216679796965376.0000
56.0000 1117049287425290804089047341956562930567311164619211133937370864693319053524091945592439532475037488747937678380440156635136.0000
57.0000 -982921596047436765250720255969691453529384893491186287640548885188847737930133132653490056385960120863724596455909800017920.0000
58.0000 862385727778492195802027498564868527618872074577665598139451466176013882830810127875919757976817757356374358574640633217024.0000
59.0000 -754439429261705742279379284317270678244980618431357432470597859738258173593589282857912643624480937566565680313431182278656.0000
60.0000 658098771876271696761068130137238759011672632313807237080755761705270698220641356258745578827923369050011288675283399344128.0000
61.0000 -572407338448774734829308468930878472312559672767870888790490309624100787672112517277434220825619229441517414506384083386368.0000
62.0000 496443728400751147929733103839120302194032468904354901875607115967001252709549927719224156183239885009424868834191377170432.0000
63.0000 -429327493707125076325075878139261283988033715604091536589222795265261541511722617514691539564401594630305225937449218211840.0000
64.0000 370223631897685250566458874520790226338546030935217529057853669015931471713670285247412677398953187479979261044442406060032.0000
65.0000 -318345771513905853978613428250163720602878541601735693725822685170470902043346697646736978468440235276014692653388550635520.0000
66.0000 272958190392003271687259423738250533332540300811048608387019889610097480594732139597020799631348083448062277499175057752064.0000
67.0000 -233376808379714764055030323608251936345081294664334932137273193235225634642572668145322161580716352162535466682887375421440.0000
68.0000 198969294131757271814200800906925947725597611963801461789838594043092774573971997355904845791778068304978758693451162714112.0000
69.0000 -169154420995087261013932375160390150007370436395912386303732700741145198573549108070724668565660888073495689687974434308096.0000
70.0000 143400800207154143565767852250281271639090493093495284229650020702435721968255195377614438922441544444894352305408587071488.0000
71.0000 -121225111181801433734915643466082571866595878219336764915904148712141675858961759784918286760436395865258821958607021539328.0000
72.0000 102189939007919499818373339947968348501845454855184529390859207771906910314004591113420012937926266697673055084592330964992.0000
73.0000 -85901318853337484280998345325031030036040456680313485696643546254652683041860831428405251447970876698723000145202179473408.0000
74.0000 72006076121982298309255005889466183347706108915474974554994327455125641319815435645930233757198212993652392877078739943424.0000
75.0000 -60189040277515964456828466840069127238227924793147311473875507902184644309825880209344909296149733281417816323568789618688.0000
76.0000 50170199492366564307733395859467569761829600709163682518024087903983693369705458137229465765024260412213412287220516126720.0000
77.0000 -41701852928251560303478946889010756223355499053806945146567254106860755729904022104999580412384882874290059041346152300544.0000
78.0000 34565807676177087612730207392899117131080629140997775231505508299131260353664608821789350461938522210614913520192026836992.0000
79.0000 -28570658309156592204725025241210749814187953044110188373595146213328642544867454645047765929174947216264751523838447058944.0000
80.0000 23549178717684654272751514360410148501237902545259192637136821337070329480677974340961589086537086090722848878396312649728.0000
81.0000 -19355848458506740400431598851953082548911014739766259944481210841351921499476185184739636005827410980268303319540967669760.0000
82.0000 15864529272479116983145424514658742883630361488513029224288644931971602560070467226582882314199568034944810284557721927680.0000
83.0000 -12966301712112803639571273782173477935179111893016518156891955925585456750720043050843612181257178547466812635405455720448.0000
84.0000 10567466937124885319629210461130466839497647249532036973374319819384829272840740128926982377896380106498413023274981130240.0000
85.0000 -8587714643520874733819282465097846963066478964589221097198698335861349299368532057237364248697497096354120454521720143872.0000
86.0000 6958454732348967144622560782619100221913196147248666704657308228822947330094626971101276427863281837820879966791165542400.0000
87.0000 -5621307633474361323843839632158713181595460670900797188900932134161924732367176432311949910499158599891340455157296005120.0000
88.0000 4526746107282479706892471427547672083522903860144221540252953109305361518853571033700458881081537483199041454884626890752.0000
89.0000 -3632879780371574461894946814755927704304683918110065153178169644690098790324932816671582932958371926625680374357332852736.0000
90.0000 2904372557146378440638017710487598269384566341489548707376820899304726289646563624638306995672531840484229328457378562048.0000
91.0000 -2311482316691742485131001969487358156991520353242983543969536051057593341509790852455539963690830403191741155716823515136.0000
92.0000 1829211885613932337491050554559807903725678424123464798981051629216477190084981692378266058685575882153981304352628801536.0000
93.0000 -1436560109331355192637105515731210839582951203285541521164053515645592540016499294898606059582044334955791477459096961024.0000
94.0000 1115861868404063110142369088894737053978707408457633083916282062336881734792251691886323510834791779902259838864171466752.0000
95.0000 -852206050395951047792704635067767448713071188631242413320141615880879408405937513042083193503816418603990167025751162880.0000
96.0000 632920744836668780650817208258173100685168359816267115975423788986352148611891594517348766876010630935486738817206976512.0000
97.0000 -447115238394101410864907085138497496798543740241493565389495775889701197994951047829037726674861524909673468937273081856.0000
98.0000 285268714520552463629051196820513102427632192402289523032951670987768388866738778063840603533326131729032417144429608960.0000
99.0000 -138855877380928746362470867408670154941698422463611554395991989897760752277370700229196884086404367735318946553043877888.0000
100.0000 0.0000
