0.0000 0.0000
1.0000 -50559949473727514527901639320348393472.0000
2.0000 105879826429008368004613211426159329280.0000
3.0000 -170810158103122804357764960410801274880.0000
4.0000 250360579278148229811685553028141678592.0000
5.0000 -349725313290767338061269713993657745408.0000
6.0000 474247151910896486611957934030539718656.0000
7.0000 -629305461762457539560453233913819561984.0000
8.0000 820119520374604214648321259144505982976.0000
9.0000 -1051466134370425897389257453570325741568.0000
10.0000 1327319859166660913559245600636379594752.0000
11.0000 -1650434711769729473329245454105682378752.0000
12.0000 2021897135454668306890083535338594107392.0000
13.0000 -2440689863728117952527910069555779600384.0000
14.0000 2903313727479196719700119297264667590656.0000
15.0000 -3403517805992292117901627544858070614016.0000
16.0000 3932186322188084167861477732674451800064.0000
17.0000 -4477422519691286519803299882174758518784.0000
18.0000 5024855386750851951665549031561167372288.0000
19.0000 -5558175375336637116018454594325854552064.0000
20.0000 6059881999038811548059424254217934602240.0000
21.0000 -6512201961324415194387717723761575723008.0000
22.0000 6898114325555565455565646280128639008768.0000
23.0000 -7202402298667173310488089482811326595072.0000
24.0000 7412642132737227110780603320093309403136.0000
25.0000 -7520040226367204359321568679742677188608.0000
26.0000 7520040260509828801198820743407940403200.0000
27.0000 -7412642256899203880292931638202797654016.0000
28.0000 7202402589873470151201346855757466828800.0000
29.0000 -6898114956909905819195418019423047385088.0000
30.0000 6512203289594765497798524179018772643840.0000
31.0000 -6059884735460023130667624807239478411264.0000
32.0000 5558180906336035033730122689378500214784.0000
33.0000 -5024866361437511956088566112004731830272.0000
34.0000 4477443902911379055636950394911028412416.0000
35.0000 -3932227243041117132366928961755248852992.0000
36.0000 3403594736143232908445081080362140958720.0000
37.0000 -2903455833933949326012105665588752285696.0000
38.0000 2440947838601937387207015426773747761152.0000
39.0000 -2022357460763100375610999529164276498432.0000
40.0000 1651242225965366740395607819907269394432.0000
41.0000 -1328712708373821992234911204378555711488.0000
42.0000 1053828756562699946412068801068310462464.0000
43.0000 -824061236224269973072378188670592614400.0000
44.0000 635774488363429343720900929460442759168.0000
45.0000 -484692288194811740620826508569490751488.0000
46.0000 366319926462479007316711405600469155840.0000
47.0000 -276305463522691712887703626717188849664.0000
48.0000 210732791836803112669343125868323536896.0000
49.0000 -166346816380460983640477905056912375808.0000
50.0000 140716192517993867988550407132679241728.0000
51.0000 -132341451869169537648310749820555886592.0000
52.0000 140716192517993867988550407132679241728.0000
53.0000 -166346816380460926972080110621169811456.0000
54.0000 210732791836802999332547536996838408192.0000
55.0000 -276305463522691259540521271231248334848.0000
56.0000 366319926462477722833028065056971030528.0000
57.0000 -484692288194807358264730405538732441600.0000
58.0000 635774488363415289958247909396286799872.0000
59.0000 -824061236224226451742872062020303192064.0000
60.0000 1053828756562567871266275902830973812736.0000
61.0000 -1328712708373431206963720775497831940096.0000
62.0000 1651242225964236092522813237971625443328.0000
63.0000 -2022357460759907904752852197171171164160.0000
64.0000 2440947838593133384925671889808950034432.0000
65.0000 -2903455833910243499615282402101938880512.0000
66.0000 3403594736080858380782064288093175808000.0000
67.0000 -3932227242880670915439314606946594586624.0000
68.0000 4477443902507747738687296464576829194240.0000
69.0000 -5024866360444071723654056321858645524480.0000
70.0000 5558180903942942195286571945464130699264.0000
71.0000 -6059884729815953469036492091309869236224.0000
72.0000 6512203276557549880866174027936309444608.0000
73.0000 -6898114927406346826587265146170655113216.0000
74.0000 7202402524441339394473430624417202831360.0000
75.0000 -7412642114647198436370964831329834762240.0000
76.0000 7520039957264905995516371522495084232704.0000
77.0000 -7520039592340560067801690671602110300160.0000
78.0000 7412640832251680574789619533196065505280.0000
79.0000 -7202399681163713797043705443728681336832.0000
80.0000 6898109154882845263140623592385559920640.0000
81.0000 -6512191934253175697357404529013532131328.0000
82.0000 6059862906983349491890052500255311659008.0000
83.0000 -5558139675823238393876849244425345302528.0000
84.0000 5024789820890509663729158229163958599680.0000
85.0000 -4477304223873224503694549315811710861312.0000
86.0000 3931976619963575877686073067665939759104.0000
87.0000 -3403152513971073318587148097015781523456.0000
88.0000 2902688356103382664326560301121758298112.0000
89.0000 -2439637540069021738249621535766903521280.0000
90.0000 2020156440184094983368019194138681409536.0000
91.0000 -1647603955567076220765923946340158537728.0000
92.0000 1322793715628288586038058847840367542272.0000
93.0000 -1044350138880708673988080525716704198656.0000
94.0000 809117936177166032343114220291936485376.0000
95.0000 -612578658196103533047945108179921141760.0000
96.0000 449236225077128089140448846663351533568.0000
97.0000 -312944498354490151796760110589190078464.0000
98.0000 197162295465835240304471077919549030400.0000
99.0000 -95133403974102300311893400000565084160.0000
100.0000 0.0000
