0.0000 0.0000
1.0000 0.0031
2.0000 0.0064
3.0000 0.0100
4.0000 0.0142
5.0000 0.0190
6.0000 0.0247
7.0000 0.0315
8.0000 0.0396
9.0000 0.0491
10.0000 0.0603
11.0000 0.0733
12.0000 0.0883
13.0000 0.1054
14.0000 0.1249
15.0000 0.1467
16.0000 0.1709
17.0000 0.1975
18.0000 0.2264
19.0000 0.2577
20.0000 0.2910
21.0000 0.3262
22.0000 0.3630
23.0000 0.4012
24.0000 0.4403
25.0000 0.4800
26.0000 0.5200
27.0000 0.5597
28.0000 0.5988
29.0000 0.6369
30.0000 0.6738
31.0000 0.7090
32.0000 0.7423
33.0000 0.7736
34.0000 0.8025
35.0000 0.8291
36.0000 0.8533
37.0000 0.8751
38.0000 0.8944
39.0000 0.9115
40.0000 0.9265
41.0000 0.9393
42.0000 0.9503
43.0000 0.9596
44.0000 0.9673
45.0000 0.9736
46.0000 0.9787
47.0000 0.9826
48.0000 0.9856
49.0000 0.9876
50.0000 0.9888
51.0000 0.9892
52.0000 0.9888
53.0000 0.9876
54.0000 0.9856
55.0000 0.9826
56.0000 0.9787
57.0000 0.9736
58.0000 0.9673
59.0000 0.9596
60.0000 0.9503
61.0000 0.9393
62.0000 0.9265
63.0000 0.9115
64.0000 0.8944
65.0000 0.8751
66.0000 0.8533
67.0000 0.8291
68.0000 0.8025
69.0000 0.7736
70.0000 0.7423
71.0000 0.7090
72.0000 0.6738
73.0000 0.6369
74.0000 0.5988
75.0000 0.5597
76.0000 0.5200
77.0000 0.4800
78.0000 0.4403
79.0000 0.4012
80.0000 0.3630
81.0000 0.3262
82.0000 0.2910
83.0000 0.2576
84.0000 0.2264
85.0000 0.1974
86.0000 0.1708
87.0000 0.1465
88.0000 0.1247
89.0000 0.1052
90.0000 0.0880
91.0000 0.0728
92.0000 0.0597
93.0000 0.0482
94.0000 0.0384
95.0000 0.0299
96.0000 0.0226
97.0000 0.0161
98.0000 0.0104
99.0000 0.0051
100.0000 0.0000
