0.0000 1.0000
1.0000 0.9437
2.0000 0.8876
3.0000 0.8321
4.0000 0.7774
5.0000 0.7238
6.0000 0.6715
7.0000 0.6208
8.0000 0.5718
9.0000 0.5247
10.0000 0.4797
11.0000 0.4369
12.0000 0.3964
13.0000 0.3582
14.0000 0.3224
15.0000 0.2891
16.0000 0.2581
17.0000 0.2296
18.0000 0.2033
19.0000 0.1793
20.0000 0.1575
21.0000 0.1377
22.0000 0.1200
23.0000 0.1040
24.0000 0.0898
25.0000 0.0772
26.0000 0.0661
27.0000 0.0563
28.0000 0.0478
29.0000 0.0404
30.0000 0.0340
31.0000 0.0284
32.0000 0.0237
33.0000 0.0197
34.0000 0.0162
35.0000 0.0134
36.0000 0.0109
37.0000 0.0089
38.0000 0.0072
39.0000 0.0058
40.0000 0.0047
41.0000 0.0037
42.0000 0.0030
43.0000 0.0024
44.0000 0.0019
45.0000 0.0015
46.0000 0.0011
47.0000 0.0009
48.0000 0.0007
49.0000 0.0005
50.0000 0.0004
51.0000 0.0003
52.0000 0.0002
53.0000 0.0002
54.0000 0.0001
55.0000 0.0001
56.0000 0.0001
57.0000 0.0001
58.0000 0.0000
59.0000 0.0000
60.0000 0.0000
61.0000 0.0000
62.0000 0.0000
63.0000 0.0000
64.0000 0.0000
65.0000 0.0000
66.0000 0.0000
67.0000 0.0000
68.0000 0.0000
69.0000 0.0000
70.0000 0.0000
71.0000 0.0000
72.0000 0.0000
73.0000 0.0000
74.0000 0.0000
75.0000 0.0000
76.0000 0.0000
77.0000 0.0000
78.0000 0.0000
79.0000 0.0000
80.0000 0.0000
81.0000 0.0000
82.0000 0.0000
83.0000 0.0000
84.0000 0.0000
85.0000 0.0000
86.0000 0.0000
87.0000 0.0000
88.0000 0.0000
89.0000 0.0000
90.0000 0.0000
91.0000 0.0000
92.0000 0.0000
93.0000 0.0000
94.0000 0.0000
95.0000 0.0000
96.0000 0.0000
97.0000 0.0000
98.0000 0.0000
99.0000 0.0000
100.0000 0.0000
