0.0000 1.0000
1.0000 -1188639384181337189060304404134632970193164346974613559853924878249742882538216178312654755462109164334660364502877008541161903380417018896334823139609994071000421185338424737833719947787634147746932693012393821446305824322942268342272.0000
2.0000 2366626296885496969542700797376167060953041079034573335796894487720169014632032522767604575672281166718751755508833834797410315062079218921394016201943760116213740657849677728354766687880283380569026124625595467418213474760900533551104.0000
3.0000 -3523467061034359957858235778377319779961609270218722935387697221662885676703540457655976891227174252312338391483804237754452459017870411704281538518375908303844865339358611767982944991604349568927397438483836119800225250458870216654848.0000
4.0000 4648982280957088328512255916358961925712941047698027274070358004230048944231062548220182516112270170457096243116436484725299576185165536568930899234640500400986774169230478996962654879280604115504752799556905543587827003938017397178368.0000
5.0000 -5733455803010021210432077840324823953925664646638876605602069541200826202227740800959011203824102085495761732260492675574959517002805408162935945745504349441435869926122891557175000429862997005838733135644356723210232778306555838726144.0000
6.0000 6767774104715732021769722259066912035217465708434343879108595253844739724706297580461598168597742014609775330425845298663435250755263944495068069829289678422153558474673096258885303343752312468534273710417504040926973561156690123948032.0000
7.0000 -7743553321092924855013963853666395297481472840406693801465599795915165731969133760714967457736538701673850666753967968292315543478556300057956154102125596847536413157708159120116248047385765893153290865495295957510943690733180174729216.0000
8.0000 8653251442265315696589768396927268398464251100350550656608952556133844144922400155383974231558270759991154286294650302671166236917113057721945946344097528138898410713673549899299257517972033214463320471029629313343395860099637947924480.0000
9.0000 -9490263603058916102796331672584946401288836800296869235091606942791974930186695518290799572151342292285417353886199441390233049553000810452416533026428320253653139866425843979420064035780812524698588921566741302107058330482774332407808.0000
10.0000 10248998820829466937665657575932081150546304645375579146270370258322951804039936846348443691167594418407855947189425609083055436019416595655383501923249599633095832151160701636088720750629991105986809736520289547950149075278632713191424.0000
11.0000 -10924937008527638812537375198109869926776603737980784055812260218201353521313876914123734064930897374698903445801442052353932104544214590219402922578478473831507901306930337475137906966024333585371067311267502310511831736501840627367936.0000
12.0000 11514665581452786614385704405684372495526609396659239517490786803976878276440463139461849664972342214690554141607094592762075106426228894626928993337004738118865407568126191959141272032459775405164494663538392390861598580122685280354304.0000
13.0000 -12015895473362485663642385191114637480715526375017186375024523473820578928025685603592475293718953974625110014027579792080270741453652294107054329773875450562248520853223181027159031077165083953294165159449293563220861965010620244819968.0000
14.0000 12427456865875009204622623335925106316001231828654418121015051159085258937265279513235944465494018478261615605586284118972296296225770836042145511825666368320815823771686104532660220282779873002441631024469693402051590239389497402851328.0000
15.0000 -12749275400400530126039097606387221075271707623058064318665675259334787164883295136670805414397932771859363446131902693385852850841883555344480334994836438368568820265709528637371551758308112086830895784870357299781322149571236213030912.0000
16.0000 12982330071307124369021840060820595294817209513846623425462651916097362252242754953763612456777236678816244622734209307331582831947192896911008410848133835707415164390658287006050062593708732437621401383399075991869830056069048347656192.0000
17.0000 -13128594381391044217120874966752194090085990555816006339685066363389586754348648184962545905947081819788446362496107874108145048301159722288879557113519537359913845987372292910746142985185511404591759293009603643249912366278753902395392.0000
18.0000 13190962666617827154793728253471520677722027074766749315510807114872996565343264173228158544243298721155854702895894973135924323140112344019067656542108974392392101720772078304681664354073492109013053092294493006248134027701081599901696.0000
19.0000 -13173163759344791224424549194092518491844941239781577747102754768663266323939523070400073045926473320253349625644750610960502084171098718192771758611643840092737174440925175746180903316524075902182268921657026849559912079004032741408768.0000
20.0000 13079664352974166619363478503409512279880079485024599712387518339432812485573103620699402411179017145727674665915903017997137545823486833914747184773233342534573910299449497005909677820413705067489002938474538327657059038787752414937088.0000
21.0000 -12915564553770986911027761938625278648917705797351695494839189783373396422939741754879000146671721969495176772140042018111843266437561288058122344439535052257793662799826267971249220599428196043723832680470445181667502674837524115881984.0000
22.0000 12686488157338227350500713697497780345193840497109209419469412862486288868123536195151532084938152410088869852704347274910989051881406287501857897253969998461109588955984537240153230154594990859322804925828739569368130196790932190265344.0000
23.0000 -12398470170164461442759947429298773657909455188027953990649178427320995807119274313613452754478923826954417336319911487548478595167943073262586446510363389979141205994639032227799473064027646438492747949834650071860787036685795197976576.0000
24.0000 12057844015006655541966905701593755769830997866641513312916522969719175438495118393028924383167694690946701940239845073220858974901056575129427471486681209866965846460073570905586828825629717788894885232479941254219994864320414071390208.0000
25.0000 -11671130718713187209053051733704056556660217602847425480521241210581843445749636826121829916716487287130539498161534046591867181111572515807387910846544524249360081524249957701523708658009972303503167287741090776355793392659997346758656.0000
26.0000 11244932189994616376194302880251937490832317973259899869065226129552466389009772677005412497085346785416861947062144510697871681350040620069519392500398184001235201252769017598018720581106923255857511604103968308439817867477133373210624.0000
27.0000 -10785830461323737952797605286683134295471535980238603654603972370856219465560664891873300571067744250344729301497286019227645368533963222832852844185232446748303380346775161112641144237147038767015798142817727165800836459234498176876544.0000
28.0000 10300294503074758268285276230222530876495659526581175398264489468279692905639080329899533810281708045696674959482338484449529626253959918015851595419835583041902079046635648050555078497196569596611294857408777340480147292836984019484672.0000
29.0000 -9794595929073638471608083618936796445517064825403818963337606408430954425918588725991762570495638235928670535827256944603496914915233161110757046488733702092212591008069623182431539245664849691433745687114646073408620465847550143889408.0000
30.0000 9274734610835797142216648161151294853439038879156413630711403995071403182804071586514808721132378364039943036771081443079217120073932254036571465977171443530450168920600799708062697801854598857109510243236635149429335504368105779363840.0000
31.0000 -8746374912509529120198174889250383608915989751762667072392831155193075713753474197570529506369545719017883989188933757675921891810984738736910038643121602744930600988119765971606327186924894727258846363049445584828416514245132195725312.0000
32.0000 8214792958900402169141103773824958574047753623683382376212085584691887662410371761085694302322655292650025657423338476621557162015517789255392086037904136592688906076886029674129479918776633257742027974159672793558131392422931035324416.0000
33.0000 -7684835063023669489849608529696634074896906582547982094075551114106979485964079762569628993033481809321786399769875665466539684689143374614864308482381840270735968065809023150680743537249486421645639038809206655041856607338774409510912.0000
34.0000 7160887174432067249952254809030875044183824760829298643524751826965993650419214766676066919575868234301225319696418937091742709898602982177144831170128809131187925483480461499559347368020153908215979562531200670617395713584007611416576.0000
35.0000 -6646854970874973756094408453093911779429414027017604514222391874659872317022078026099514911591916439435586706001074222488410994708233049763297501141947850282816819100303505183264517609068080418756057300193023145084303225446598092783616.0000
36.0000 6146154008114129667064557684791585477945345154927730519070341302095717353454148237456048163335537101053076446925730031975208074178491855447786713886476837724081352750102870066233402162863523043742079010259983055547956517561087058509824.0000
37.0000 -5661709169040333394239753285328571178641931264620864693177980811798963484962434634813622725574970645969523922221123234891157562064963976244050001139978315088679896011545076206323638505450324502217287048847245777196439483984729390186496.0000
38.0000 5195962515351041369906437706526474364536495267980687749984065020109634423405950978552293946765538627829012408179884493538419460000815423474211049191760591406514704366688421508225139180228470945767321904037862684184995378520938634018816.0000
39.0000 -4750888543427142054277687193708845616169137278335731891698217227353191850132745600985077762135245820497739276370751335279160294503322294919137551016993632721055163838381215445713727708533905534499714831756906963586736825187610338000896.0000
40.0000 4328015779983856170243488718756905425814648438717653656180356542162545565139272192060227129642783273081343903368165010964564072754460469709840085980566569118346457192587558465206571586948052141478579122003485329562538496724810275487744.0000
41.0000 -3928453620827962707447365192365360391943151892338394248251661400261278763030639467085096580065652865134972998085783514125063758058304426572868439848140558444626703150408409358785261624765683321823072394689081960414726012599620960518144.0000
42.0000 3552923315023815201445601860473279473427556586759114031944195584410828962389676777904554643163330586984777114569460549440439806214720133158847994287765202897456910339310762954335563811745734843766807250323256785476269909277397519171584.0000
43.0000 -3201792023655121192091085156753128043756805291097733100928602378841938211104156074333790266619808980619044865758299995331072514964697349784477059366366437895199540629293001321912942513624665221719242954687364532003397547732856811290624.0000
44.0000 2875108933362132076980528262419830433919107489822714781519742537342229788366033901894803355660117757882817080828983536801641521491500340098352796887655852917105912241200298968001679747161675363222829221788114966239131653215505824612352.0000
45.0000 -2572642475805623148206798861682920181103138081724532839462517951397596985574986241709531707556203699300974899086411210881712714806390391740900065658605520041879291531552735643447630250440806596817713362292093321843499426535471891611648.0000
46.0000 2293917790881843706254025979099494627284977635367873206367558804082636228310764573185278605024069525523267712088961568543944993654658852802430057312472879138276083620117057405473688600612756562766740357071018412787544459967562879336448.0000
47.0000 -2038253669620635904164452228213002848948851707030323508566136975029431641546708336438336847051884825815662089307517349612801451337063356699814772701220660884002745626881984636091565241015725331510530448014198081194407918716402322636800.0000
48.0000 1804798318129846205505461219430552545265169546982037111970806439795779369049437409630460946615956155706023400904774344553253540440398862835118296471469119160724752225578708144762890644188585277444170690039178309152703640632351527010304.0000
49.0000 -1592563392863586626560489853833835100081111601560284931747119697651581463010943522207417132146385030746459234094732266607068124081583959117820356033829127495718768157245116634525832630110698668184787712086851210525316365982740483407872.0000
50.0000 1400455866418287447136068384808270249730974285209937720575573428584240822031905751133507289060785816642622895762828447089157411753810308942898577081666332916084484039611616091225732506446000741007788860071882946919971295930247043612672.0000
51.0000 -1227307388965232486323721693187144153410081960144957085386560150993554481202989228159677860134910449527049479924437260816723237901056133068529241245995990309730403483655397120516268386047348164712921984435491712597843175532857179242496.0000
52.0000 1071900910760960098597454743042832913340594870111730561030485367076925644401776622298333182712784367209804474722186782098545882448216987092952498777480868109900876632927820904264758207367350500056431694715261938824413835483912811315200.0000
53.0000 -932994423892565754203447788284159373238010794567590890293291722401670643684055705932423302329439719324519653398608852095476500467927265299551549951388127003344216529393036639440859431163217178709102008458030676515240467355789927907328.0000
54.0000 809341764974853119816915301425000010699713528814730341374651568278855453130217306602395689798167472131968475373611885856950366959539762427828698413363772770945434991229625340375758499344180768451739272485041776227031924233659752644608.0000
55.0000 -699710493870829709024968527347058021874335353935702836085075928906883512460045789837669116438962029539989597530431604052364522746905161423682558739061631951460487432294700164216350168958633621244564850472617204799189604006035997065216.0000
56.0000 602896926063030410238586207631667624090653954033116624038963215659647509438638969709240683248709668001948703036603382402050047440832936974977442484519756898294115491003844567221925664749779823022554204580823938769076724668845799768064.0000
57.0000 -517738447879467152938076293512878688481759021993543353109831765646075326082007006674691681941086946596289356524874206435713761419872523842421322518859811966751305518806390193621526806499763496343857464631157418148298553989532921888768.0000
58.0000 443123284552703604830449704688589677559959886921720626625517169615729503351618208974504900982090026062453609983093245870858536984074664438159607588429732183602638526795184474980991902669658188892831010992452051938716210304247970922496.0000
59.0000 -377997921542753485734740614470858342383668170359922234918732502086781658361914393660106236764328875453600224444329819414424759952632713696210469800119389476150686857993639745062989993154866280256785537697154275753208702148445055483904.0000
60.0000 321372400404004946584029354444067083319674608334605220415773104975638912737736574572538321851098563904024060023717791445176166203882151785814505404968716961306666988868311271088601976398369286628403224926068824428454746642361461243904.0000
61.0000 -272323722623726804360970620310818853491263277876571814173350048406358638210660350391753790254658137478591728603058174792455928773731828394502654006960787651052403934431880408656912812748479117098727727578295873201141474063703118708736.0000
62.0000 229997599328882807021235617363863037746495192456133442025842230137582982617270701083565513487296826720439383158289570422645334075401657133161455936871899313091371963672684012605054054867740965217904131316778010059404212138928114761728.0000
63.0000 -193608782643521007482061664076526172015897290588654351620346780993057861956066044710435870882899770339527583919828390467925074138195782144480830514346877026295707117386802545488894098761542085751982487167141089886555247659312375398400.0000
64.0000 162440206898930729498654647558481699595477891500696241555168500933181909411271266665377730213061373084982456012592654890352503346367597571506832502888071671327803054990341123357821121336555830235871792923376462856735302327008353058816.0000
65.0000 -135841155954155884673809510739022161916877423395408018130069423241378823055438648977235609254989440725153185820594653531683798263645900867423046338584820274955809901894512351234675858748339729106744468474059721302827027836779171414016.0000
66.0000 113224657626160367725868922659275708510182708044235565296446391468549433579520754243431994679355043298036913140507786090951770348817728478848684568850630795343760847821925680507309102793508294182876306845691839773978730227552967720960.0000
67.0000 -94064288631538532813523751642621587752311690497229951280866362382248941271428691845649543369552388754301504865943736429456624325185882783884002835514237488650652498356121446176236549754997790459988848959277469111701033681470133108736.0000
68.0000 77890554384450829531813484445576532288931709482568814377650090135462292583863213019211573677839685212454467552762566782353974849800329806793047256546947507833145448051346527193360464703723685421871922833940328316298094000925283713024.0000
69.0000 -64286988250051862208197897453594142989021786345108838418685824043504803906033968359107592940487718765610816143284981821502050627152753181905864395318920216947493366108025072674597841736752628538244053882222323167940875041086143201280.0000
70.0000 52886095076498560535015989433122223565574146166157101653393927847555371159525701235433901760343706458254552359581622373117008579172071500896815476172556734879802580736795744278902121969720964629859034713238627830961653885610538041344.0000
71.0000 -43365244563592300738702105957796251043762486283113650865237318459714414226298722427380861723168077774766590107807136209052112587437596158069829017050933022532187450810719977330135184571399506862904457989207905107668676905409389264896.0000
72.0000 35442601701597069410743787418343229682955903634384179823888068900903006974233566075233523629536773768025949984978929594115759223866859282568150880245216723928092301333592133648735397706506982740613084144067162521568235388972275073024.0000
73.0000 -28873164452993968335122600931712000607455006492086867632332671733275850930311348275310301313882508326644711362940993345349098608846036792765834809278625326722290760357611922085119864397837583937730813774052293830795297700570678165504.0000
74.0000 23444963278894380531339531157490497213948748096162721545882783891994985517374919116533159867860588130921643440578275375444087520778875696145505601569789058308692149965592258061352931956707098363680960111355827229411777578349220593664.0000
75.0000 -18975463170064289307655088509551215240676156152583385602759073101625949018888213193905780804074059188755357124814190834391706754792065013766715084135911518832612651863481250196002552762043277804200289852642476789431584088845604356096.0000
76.0000 15308196594787191606797428795492754030877433349927057855299100461458743306331848040620368627487770385063600447011108470361569933075633892637487611786343252326610504655790594625698259765642863578024737942620573333435890200568058085376.0000
77.0000 -12309645224283846748824735941840108680524878128617619510932362497347923259897963756936815112774416403841083866396309070974146741978249903487110778227915656145121729077961936424661167769773707377396405439030419482187680797122013167616.0000
78.0000 9866379392671170708442577976187960585542382344501652494332181200581818188532210142352026382672305380431988240778274130159558143479145244193541714396637053295766591408248565733288944737695015106121250019559284688332739262040237932544.0000
79.0000 -7882456904861995520512329452341591985045422512954258452017609919542481438667580266530262472309184767517046301569511199548999035820864555471392302411547811450481701715354290709972355497576426490983940747119325199867778876522457202688.0000
80.0000 6277076906141150072238467564693603412276045621438676762023285809112404199535888330508019251293149293278510829260194164751937394422232026887003899480786708826231682824373378332982429939187090652116665515491516299146151520593371987968.0000
81.0000 -4982479935985380606284361266798842197752996656287670643850672876276204350735585045564089439353602316131553707530086872555334663476716763391755805032759482738142765560168249528401967601539679954854986374902673593060028224604731342848.0000
82.0000 3942081859644200890903036721282662066177206748043153081875528176490888816767099741316370426022954575573119153565615072227214443751282530805207827985100624892006387872762953743967957865189324904186454721503688725930939622380481282048.0000
83.0000 -3108826953635107303267138655775728567074602895494886745408532048810193477275791068550478127893970712677161271487101490856402541014923673458216573280648046183619242085625737674038619210214486604408554055492971081936210530849702019072.0000
84.0000 2443743866773358689597771239262379825978703952150002924113702812359832981552554614682634437433889462349048784237243254160886493063877438219828109381152204510583601841253899047418112633048374425178475155297999216238151372013591068672.0000
85.0000 -1914687343762517715450488985284092414537455693347927548663718623737361695766217057155922209301117871255711717598150440014250625756266228746639256698371919375214589906131294512945460028719514136059109898550569584710963426920889319424.0000
86.0000 1495248350042085431212930254299580376085877998833690912292080451289260087530612514634355761158218294996235413723308951926539142153628832719317082732441956150920814318063698085867989437249678275093796217106854456974085765330836127744.0000
87.0000 -1163815452291606923102564083034581161457345952297164694788784077158046938198532517092237950950067879237487158549964910189161828375897897591193133816378680452179019476651780904231415459954675792909407615817768006042239194537666805760.0000
88.0000 902770879282115621545261233024403924504124178409752972136826019140308498649071938622209479233523185182169539878115524049918521440777765618876637511729549528547476434283459338782886332777156049758087688826362094006694661302167535616.0000
89.0000 -697805516581719468423487682988182855496791419818414454146400445574541518805201687353230881091981352427239598217211241733607410662816054109502215872678704911836176427201557259977889162327738656371008895343317840628219154339496722432.0000
90.0000 537338093267193127352672585775801877859974321071125909232894940198120321713782410540356671664175771531630128813883800271762878851920281648864471649245650915778275633028061806134850402479451268193146940387071574526956801974303981568.0000
91.0000 -412024929453650020337132199773072638997048342733864220443232455265148111300954513966774900412838203720665011231136892359026456594273000531354246653451288583927343514795729857714462735172808218049926869059204167252468596763162312704.0000
92.0000 314347772358157109970793585350852965748740677035301727104260748607618549549363147597674371383434424941270720811555242079489001094289434269611923187377725604373262815444070315493916392548205546233154669001450121807908983261896900608.0000
93.0000 -238268408948818884058659549852749266246516188172998124269141559477256672283634983736745872166482099848569316524037774359335140433627328382024685348234569791350882366982670922089380407234807151666414626509123377979944952384368672768.0000
94.0000 178939867915193344793546448815850801799309750143567236356829942493830164594219344736138130778928910861481759559986995581952620313000170962851228558444165817793659027803950125276144476908863285221338982121402851079959546848333529088.0000
95.0000 -132465084072837938098112590091165706504914591413046115899932938757865890589797979606958741201472507331973390199361742623127343326596952669578028101506304827807591887045110890388751325938762873316257734424284531731174613612928958464.0000
96.0000 95694872848514736285319513242722283067511377457211381527178742150492112572656444931900805572097835612495958367588526337196184491854752695972071383756321156190992321966270383729115192402701958877892638300013106663650167505347936256.0000
97.0000 -66057935506225636295423134830365563528652211116054626053771190835909773069436092789430950360200235538912015621945201065102996838219650079713404198630290248214882234644813173116441346086489132123894699294222479668724599873154842624.0000
98.0000 41416376272359124657132190131545738030377330262695998575208511003481906588881558330322236275655636451710498978814187039203932594276517394561191497833843006131762212794632421715075984866345416376467057829202649034912956252120154112.0000
99.0000 -19940853121791871708209940326419964062273717665809624916759774489980155293687520646309755037993814624301119020430714624469321100176510451947242863277776373395933129688213396136515101521965800922511147542602103607863811042369863680.0000
100.0000 0.0000
