0.0000 0.0000
1.0000 0.0181
2.0000 0.0361
3.0000 0.0541
4.0000 0.0721
5.0000 0.0901
6.0000 0.1080
7.0000 0.1258
8.0000 0.1436
9.0000 0.1613
10.0000 0.1789
11.0000 0.1963
12.0000 0.2137
13.0000 0.2309
14.0000 0.2480
15.0000 0.2649
16.0000 0.2816
17.0000 0.2981
18.0000 0.3144
19.0000 0.3305
20.0000 0.3464
21.0000 0.3620
22.0000 0.3773
23.0000 0.3924
24.0000 0.4071
25.0000 0.4215
26.0000 0.4355
27.0000 0.4492
28.0000 0.4625
29.0000 0.4754
30.0000 0.4879
31.0000 0.4999
32.0000 0.5115
33.0000 0.5226
34.0000 0.5332
35.0000 0.5433
36.0000 0.5529
37.0000 0.5619
38.0000 0.5704
39.0000 0.5783
40.0000 0.5856
41.0000 0.5923
42.0000 0.5984
43.0000 0.6039
44.0000 0.6088
45.0000 0.6130
46.0000 0.6165
47.0000 0.6194
48.0000 0.6216
49.0000 0.6231
50.0000 0.6240
51.0000 0.6241
52.0000 0.6236
53.0000 0.6224
54.0000 0.6206
55.0000 0.6180
56.0000 0.6148
57.0000 0.6109
58.0000 0.6064
59.0000 0.6012
60.0000 0.5953
61.0000 0.5888
62.0000 0.5817
63.0000 0.5739
64.0000 0.5656
65.0000 0.5566
66.0000 0.5471
67.0000 0.5370
68.0000 0.5264
69.0000 0.5152
70.0000 0.5035
71.0000 0.4914
72.0000 0.4787
73.0000 0.4655
74.0000 0.4520
75.0000 0.4379
76.0000 0.4235
77.0000 0.4087
78.0000 0.3935
79.0000 0.3780
80.0000 0.3621
81.0000 0.3459
82.0000 0.3294
83.0000 0.3126
84.0000 0.2955
85.0000 0.2782
86.0000 0.2607
87.0000 0.2429
88.0000 0.2250
89.0000 0.2068
90.0000 0.1886
91.0000 0.1701
92.0000 0.1515
93.0000 0.1329
94.0000 0.1141
95.0000 0.0952
96.0000 0.0762
97.0000 0.0572
98.0000 0.0382
99.0000 0.0191
100.0000 0.0000
