0.0000 0.0000
1.0000 0.0006
2.0000 0.0011
3.0000 0.0017
4.0000 0.0022
5.0000 0.0028
6.0000 0.0033
7.0000 0.0038
8.0000 0.0044
9.0000 0.0049
10.0000 0.0054
11.0000 0.0060
12.0000 0.0065
13.0000 0.0070
14.0000 0.0075
15.0000 0.0080
16.0000 0.0085
17.0000 0.0090
18.0000 0.0094
19.0000 0.0099
20.0000 0.0104
21.0000 0.0108
22.0000 0.0112
23.0000 0.0117
24.0000 0.0121
25.0000 0.0125
26.0000 0.0129
27.0000 0.0132
28.0000 0.0136
29.0000 0.0139
30.0000 0.0143
31.0000 0.0146
32.0000 0.0149
33.0000 0.0152
34.0000 0.0155
35.0000 0.0157
36.0000 0.0160
37.0000 0.0162
38.0000 0.0164
39.0000 0.0166
40.0000 0.0168
41.0000 0.0169
42.0000 0.0171
43.0000 0.0172
44.0000 0.0173
45.0000 0.0174
46.0000 0.0175
47.0000 0.0176
48.0000 0.0176
49.0000 0.0176
50.0000 0.0176
51.0000 0.0176
52.0000 0.0176
53.0000 0.0176
54.0000 0.0175
55.0000 0.0174
56.0000 0.0173
57.0000 0.0172
58.0000 0.0171
59.0000 0.0169
60.0000 0.0168
61.0000 0.0166
62.0000 0.0164
63.0000 0.0162
64.0000 0.0160
65.0000 0.0157
66.0000 0.0155
67.0000 0.0152
68.0000 0.0149
69.0000 0.0146
70.0000 0.0143
71.0000 0.0139
72.0000 0.0136
73.0000 0.0132
74.0000 0.0129
75.0000 0.0125
76.0000 0.0121
77.0000 0.0117
78.0000 0.0112
79.0000 0.0108
80.0000 0.0104
81.0000 0.0099
82.0000 0.0094
83.0000 0.0090
84.0000 0.0085
85.0000 0.0080
86.0000 0.0075
87.0000 0.0070
88.0000 0.0065
89.0000 0.0060
90.0000 0.0054
91.0000 0.0049
92.0000 0.0044
93.0000 0.0038
94.0000 0.0033
95.0000 0.0028
96.0000 0.0022
97.0000 0.0017
98.0000 0.0011
99.0000 0.0006
100.0000 0.0000
