0.0000 1.0000
1.0000 0.9718
2.0000 0.9436
3.0000 0.9155
4.0000 0.8876
5.0000 0.8597
6.0000 0.8320
7.0000 0.8046
8.0000 0.7773
9.0000 0.7504
10.0000 0.7237
11.0000 0.6974
12.0000 0.6714
13.0000 0.6458
14.0000 0.6207
15.0000 0.5959
16.0000 0.5717
17.0000 0.5479
18.0000 0.5246
19.0000 0.5018
20.0000 0.4796
21.0000 0.4579
22.0000 0.4367
23.0000 0.4162
24.0000 0.3962
25.0000 0.3768
26.0000 0.3580
27.0000 0.3398
28.0000 0.3223
29.0000 0.3053
30.0000 0.2889
31.0000 0.2731
32.0000 0.2580
33.0000 0.2434
34.0000 0.2294
35.0000 0.2160
36.0000 0.2031
37.0000 0.1909
38.0000 0.1792
39.0000 0.1680
40.0000 0.1573
41.0000 0.1472
42.0000 0.1376
43.0000 0.1285
44.0000 0.1198
45.0000 0.1117
46.0000 0.1039
47.0000 0.0966
48.0000 0.0897
49.0000 0.0832
50.0000 0.0771
51.0000 0.0714
52.0000 0.0660
53.0000 0.0610
54.0000 0.0563
55.0000 0.0519
56.0000 0.0477
57.0000 0.0439
58.0000 0.0403
59.0000 0.0370
60.0000 0.0339
61.0000 0.0310
62.0000 0.0284
63.0000 0.0259
64.0000 0.0237
65.0000 0.0216
66.0000 0.0196
67.0000 0.0179
68.0000 0.0162
69.0000 0.0147
70.0000 0.0133
71.0000 0.0121
72.0000 0.0109
73.0000 0.0099
74.0000 0.0089
75.0000 0.0080
76.0000 0.0072
77.0000 0.0065
78.0000 0.0058
79.0000 0.0052
80.0000 0.0047
81.0000 0.0042
82.0000 0.0037
83.0000 0.0033
84.0000 0.0029
85.0000 0.0026
86.0000 0.0023
87.0000 0.0020
88.0000 0.0018
89.0000 0.0016
90.0000 0.0014
91.0000 0.0012
92.0000 0.0010
93.0000 0.0009
94.0000 0.0007
95.0000 0.0006
96.0000 0.0005
97.0000 0.0003
98.0000 0.0002
99.0000 0.0001
100.0000 0.0000
