0.0000 0.0000
1.0000 0.0000
2.0000 0.0000
3.0000 0.0000
4.0000 0.0000
5.0000 0.0000
6.0000 0.1216
7.0000 -2.0398
8.0000 18.6433
9.0000 -119.7640
10.0000 599.5968
11.0000 -2470.7988
12.0000 8668.4671
13.0000 -26486.6500
14.0000 71634.8438
15.0000 -173559.3933
16.0000 380174.8633
17.0000 -758289.1033
18.0000 1385022.5160
19.0000 -2327037.6457
20.0000 3609390.1092
21.0000 -5183048.0502
22.0000 6905990.9846
23.0000 -8552491.5969
24.0000 9856372.6838
25.0000 -10578994.1166
26.0000 10578995.1166
27.0000 -9856371.6838
28.0000 8552492.5969
29.0000 -6905989.9846
30.0000 5183049.0502
31.0000 -3609389.1092
32.0000 2327038.6457
33.0000 -1385021.5160
34.0000 758290.1033
35.0000 -380173.8633
36.0000 173560.3933
37.0000 -71633.8438
38.0000 26487.6500
39.0000 -8667.4671
40.0000 2471.7988
41.0000 -598.5968
42.0000 120.7640
43.0000 -17.6433
44.0000 3.0398
45.0000 0.8784
46.0000 1.0000
47.0000 1.0000
48.0000 1.0000
49.0000 1.0000
50.0000 1.0000
51.0000 1.0000
52.0000 1.0000
53.0000 1.0000
54.0000 1.0000
55.0000 1.0000
56.0000 1.0000
57.0000 0.8784
58.0000 3.0398
59.0000 -17.6433
60.0000 120.7640
61.0000 -598.5968
62.0000 2471.7988
63.0000 -8667.4671
64.0000 26487.6500
65.0000 -71633.8438
66.0000 173560.3933
67.0000 -380173.8633
68.0000 758290.1033
69.0000 -1385021.5160
70.0000 2327038.6457
71.0000 -3609389.1092
72.0000 5183049.0502
73.0000 -6905989.9846
74.0000 8552492.5969
75.0000 -9856371.6838
76.0000 10578995.1166
77.0000 -10578994.1166
78.0000 9856372.6838
79.0000 -8552491.5969
80.0000 6905990.9846
81.0000 -5183048.0502
82.0000 3609390.1092
83.0000 -2327037.6457
84.0000 1385022.5160
85.0000 -758289.1033
86.0000 380174.8633
87.0000 -173559.3933
88.0000 71634.8438
89.0000 -26486.6500
90.0000 8668.4671
91.0000 -2470.7988
92.0000 599.5968
93.0000 -119.7640
94.0000 18.6433
95.0000 -2.0398
96.0000 0.1216
97.0000 0.0000
98.0000 0.0000
99.0000 0.0000
100.0000 0.0000
