0.0000 -496714813473734488244050742291622090478831164910244533860673447729085401886788834674351273918671444824836924888955226136231898253145385980118838167526620904673916223488.0000
1.0000 -496714813473740982651016808237092196647189670866962531678492797169627736736863137403803340792988333232700099482803013495413207332326268267155825204146438708472653545472.0000
2.0000 1488440276499306008262733794338636516749713341755989507740066003979020591981855346041239784597431996767802761989489182870471316206279556537238669826726633843084335513600.0000
3.0000 -2475057318766361122788896385712860578111431853132867653874454292098349190178441420046815579285259012750953025151988464725454833932450977126563908894021714267926442278912.0000
4.0000 3453174088175838096044417195664470160977152036768701277556871806442097650124723057121957823558811268175027850572820917040158007901764215637270704443700053572722054135808.0000
5.0000 -4419420038280661055105796236472423149672185289522328881735971840733509964538344236758771690990914104583106728854483780093059399113238077111876651935596588899974659440640.0000
6.0000 5370455748222977109338507823157048193512446085035486700106765328547009564767441659470515746768795101654491364711068294226810510015480705440367014089585326124720952705024.0000
7.0000 -6302983975010290744699961680776406221607874274204767121601864224713250602142293770085586714227543943394724512947143627408651047204097866748447590176733611964221179822080.0000
8.0000 7213762199291889311942498238291860825015227810119234078461516834809086372027147467891267969888294420394079273162150057344713455546751031585432317324097640358895039807488.0000
9.0000 -8099616861715549461695857841670991638734568892795220638741413802934644284316204221508840902664983409149980224321688194917459818810401088613682794345734471329343300698112.0000
10.0000 8957459413031385039675520375547794904921104829074534956768118747844370624381589673838300428918343814005644605118514126000364306398451379821469908221460377847947002380288.0000
11.0000 -9784304219778874274762605001365687388070381478722157157866688349813397495611151204687388901237367196011954507781183860428785288660948813634892037803036315052266544431104.0000
12.0000 10577288281300148146899029828271460452805279353524988986884306018559557607023446574610229714804095945814278452027260772113576543187657632857397317364996523892602331725824.0000
13.0000 -11333692625775725076609216230742071007361116979166555135688988437930038539538476942032493990326740596060214382593095901123297245865104222585743583350062182098984817917952.0000
14.0000 12050965165850302047648866435297688964874198770531528202039127146505273510919167147967720010013565230828521912056383223042161557857403213895747882633954698068771225993216.0000
15.0000 -12726744711046913403439918553330606612325758122003289053451842709814886557090212567947601204323024526600981979418829974028529876055493453240803200410913262587643145748480.0000
16.0000 13358885757280222196453425314436927663777197428076700391326237120462768300700155040760495135821041580508947640913432586232329618940646350056281015073467522937385557950464.0000
17.0000 -13945483605888911505623653890823189697442273325271060535130890199733906571348417729686188823671651522212183696999824843442350266186753278089810907978860908492997850562560.0000
18.0000 14484899307946499338159356888822457625876994014714309268048172108074150215616882864830334106146588126909243591547969337176308035947538964150815071902129779800526469201920.0000
19.0000 -14975783886060480799981101635098982470042397352833652785850604893762610342459728087364657691687015506343159733390939204743962682183844189631737786716029266097505185038336.0000
20.0000 15417101256909442793646365052559381436501919576769613059608318119013852522221555221342549907159258755437704038997171291072341963035813875642802580335990050507364841291776.0000
21.0000 -15808149264426854986804119295974483408228395734019646634502272064847351630197102171124569713111196181391817685579358668026401559637436767123001752059500821044889810632704.0000
22.0000 16148578236379888815583132171157953947631372915810162448764822879775615181037563372480198866019705200840013895222264598473675472034981249726941856944872504613827575283712.0000
23.0000 -16438406496192305721370815505316922265721975654749171668273114385103789153446628792972787726163131705546488275730107122338719921243849919094712367713895072166755711320064.0000
24.0000 16678032296828990966804668710168608923465779471622230846447736127256493508040381895558626057407859002606572483808274055353227927343652545642005251209517776244730822131712.0000
25.0000 -16868241693552413979340493318062526457840669330574749451122675766053871043794064038169088853509661992474609977894157840978101017983438716499760990739417279681615536062464.0000
26.0000 17010211936116902764438870893977179474594635068354437811971872284353434141490051534749342467971009042796618598583832468916853026876494132088237894334267972895918606254080.0000
27.0000 -17105510036857232923217850948625645351055721100046892112161239949394330816887167791850800488423395281961597241395573041725634650428530614101866671202218561841064732262400.0000
28.0000 17156086257214907314325556401777129232139209156753021902296134977844880598867206458976313376974187253496407796867790846369874559272381883742484032854073083260047089205248.0000
29.0000 -17164262349346321911026357439018666195598845486451575645505611694935821011083260398543047539677917171243257332025711857291274554730756556572121701036284082120343674683392.0000
30.0000 17132714489216675347462078175106762456607173666802469184210677847773446716704242058029694554466770972391455337639168830693428963534658423215718048810144777891406285897728.0000
31.0000 -17064450940547245675459686363660889951684529562781197889074047625293297315810292719135102094737094629223610128907289366145270298461816834640529752976655226517389576241152.0000
32.0000 16962784592670969531702289500732833583946429729515549357404538042113686846483813126036772819480448189788345610442853252203579673387500161644436278581499983779935102697472.0000
33.0000 -16831300617325890728074591280561138335380940058467874143556980599260041672213474189307512527590212608901441913071527908872740660147184062485054433791004706348058070220800.0000
34.0000 16673819587351759309452122307058595487743681147359306506962821030812407883849862416714101385226596415515945843934134876496226614881150938800094411055342684114008273846272.0000
35.0000 -16494356491992832581686716689831187031269818853673871974672013857348223813642474079630543945077133827041188620981196473065869600611354634742191941877590137000064326828032.0000
36.0000 16297076167108205351233699029292609354822009705105405368617952390565823128086855539365349831163175653198985120073035661637424311881790172193252484758963040663123120881664.0000
37.0000 -16086245732365237408210998850375315469077486537769783670742056205195673130080396850794004512283782747003753809519962846431585492053460045390003286876850777802601444409344.0000
38.0000 15866184690040256868864424933695153932200083135078501576053275628200695571035084337097547742876622327277288808024432502459024265093291018828808766123815143768486030868480.0000
39.0000 -15641213390278464820919336744477063625634315448626272468387801097783092179143188342134390735277158111369798862500345374260391735261476029814016580793260301209228785221632.0000
40.0000 15415600604782813697257752376381074769079245358529090646899642557967250383535822724609373776034802357883778402327777769775180622377002129220565745746222504783226498711552.0000
41.0000 -15193510974431694497580535578108775775857448555222890506734461145649368747747070816750704931363845022982453872558753187449390314880535191628650113701004528756561910169600.0000
42.0000 14978953106083768912852967822525846465644833016388757237455687508064303993879195240542617112943613189773555076863742804288909920039825697922657819705575448205001362505728.0000
43.0000 -14775729089910782382457418386184169740538771328220658757648365295320182454457102099372676782826853896883606334054393999224677303061324657089671332072422467754822148816896.0000
44.0000 14587386191353412895920098587572406303771613948896695861834285408898593390089374335814104091657527377960763614192181837341180337136352299220593937915189913892409854394368.0000
45.0000 -14417171441796547369105494725344244534328394871877215770424004162716040927966504900966835054635242164439848673920431935933777230054846099928812205961864994502230929309696.0000
46.0000 14267989810076116275360869138912230613614377646677767307960124802170245013328771811813879069954783059229985125606106442389117067264367690851183425408831310975801168494592.0000
47.0000 -14142366583894188253305689602812754956339978389214213231506312500226537891023805080959715384249830684505270351733879366819230388478820940938865209523086184270817751203840.0000
48.0000 14042414527197901213661777355557719184467468133980695813690013436385870642614815449200869529712073286407501445994883145882209088910395791809556928596954896258442981277696.0000
49.0000 -13969806307743655372926010395164301781282529808738644077172955625820937896295118830792700345338769072604812091522853712163547103267862606178127166624746444778779749384192.0000
50.0000 13925752609673831610059427959364308551349679168794837667520591906841597928719752594907806968546845026186347538545509204401110331541742913392900985945076618568282717290496.0000
51.0000 -13910986260290476228292590057962673606233276992826822613652742949463362916783847385591676405245923197043020608084091343603275368485825908888497868349646059669245357195264.0000
52.0000 13925752609673831610059427959364308551349679168794837667520591906841597928719752594907806968546845026186347538545509204401110331541742913392900985945076618568282717290496.0000
53.0000 -13969806307743658724877992880813576674788779360200175947014410773919282327185479761233707863725513273073386633248710634671511649889375319616597869611388931387192000905216.0000
54.0000 14042414527197904565613759841206994077973717685442227683531468584484215073505176379641877048098817486876075987720740068390173635531908505248027631583597382866855232798720.0000
55.0000 -14142366583894196633185645816935942190105602267868042906109950370472398968249707407062234180216691185676706706048521673089141755032602724535041966989692400791848380006400.0000
56.0000 14267989810076131359144790324333967634392500628254660722246672968612794952335395998798412902695131961338570563372462593674957527061174901324301588848722500713656300339200.0000
57.0000 -14417171441796559100937433425116706661600268301992577314869097181060246436082768157510361368988846866079859569960931164711653143230140596963459666415113697631673809633280.0000
58.0000 14587386191353421275800054801695593537537237827550525536437923279144454467315276661916622887624387879132199968506824143611091703690134082816770695381796130413440483196928.0000
59.0000 -14775729089910785734409400871833444634045020879682190627489820443418526885347463029813684301213598097352180875780250921732641849682837370528142035059064954363234400337920.0000
60.0000 14978953106083773940780941550999758805904207343581055042217870230211820640214736636204128390523729490476416889452528188050856739972094768080363874185539178117619739787264.0000
61.0000 -15193510974431694497580535578108775775857448555222890506734461145649368747747070816750704931363845022982453872558753187449390314880535191628650113701004528756561910169600.0000
62.0000 15415600604782823753113699833328899449597994012913686256424008002262283676206905515932396331195034959289502027505348537299074262241540269535977854706149964608463253274624.0000
63.0000 -15641213390278471524823301715775613412646814551549336208070711393979781040923910203016405772050646512306947945952059219276320828504501456690957986766545274426053288263680.0000
64.0000 15866184690040266924720372390642978612718831789463097185577641072495728863706167128420570298036854928683012433202003269982917904957829159144220875083742603593722785431552.0000
65.0000 -16086245732365250816018928792972415043102484743615911150107876797589050853641840572558034585830759548878051976423390536463443678539510899143886098823420724236250450493440.0000
66.0000 16297076167108225462945593943188258715859507013874596587666683279155889713429021122011394941483640856010432370428177196685211591610866452824076702678817960313596630007808.0000
67.0000 -16494356491992839285590681661129736818282317956596935714354924153544912675423195940512558981850622227978337704432910318081798693854380061619133347850875110216888829870080.0000
68.0000 16673819587351772717260052249655695061768679353205433986328641623205785607411306138478131458773573217390244010837562566528084801367201792553977223001912630547657279930368.0000
69.0000 -16831300617325894080026573766210413228887189609929406013398435747358386103103835119748520045976956809370016454797384831380705206768696775923525136777647192956470321741824.0000
70.0000 16962784592670976235606254472031383370958928832438613097087448338310375708264534986918787856253936590725494693894567097219508766630525588521377684554784956996759605739520.0000
71.0000 -17064450940547245675459686363660889951684529562781197889074047625293297315810292719135102094737094629223610128907289366145270298461816834640529752976655226517389576241152.0000
72.0000 17132714489216675347462078175106762456607173666802469184210677847773446716704242058029694554466770972391455337639168830693428963534658423215718048810144777891406285897728.0000
73.0000 -17164262349346325262978339924667941089105095037913107515347066843034165441973621328984055058064661371711831873751568779799239101352269270010592404022926568728755926204416.0000
74.0000 17156086257214914018229521373075679019151708259676085641979045274041569460647928319858328413747675654433556880319504691385803652515407310619425438827358056476871592247296.0000
75.0000 -17105510036857232923217850948625645351055721100046892112161239949394330816887167791850800488423395281961597241395573041725634650428530614101866671202218561841064732262400.0000
76.0000 17010211936116906116390853379626454368100884619815969681813327432451778572380412465190349986357753243265193140309689391424817573498006845526708597320910459504330857775104.0000
77.0000 -16868241693552417331292475803711801351346918882036281320964130914152215474684424968610096371896406192943184519620014763486065564604951429938231693726059766290027787583488.0000
78.0000 16678032296828990966804668710168608923465779471622230846447736127256493508040381895558626057407859002606572483808274055353227927343652545642005251209517776244730822131712.0000
79.0000 -16438406496192312425274780476615472052734474757672235407956024681300478015227350653854802762936620106483637359181820967354649014486875345971653773687180045383580214362112.0000
80.0000 16148578236379892167535114656807228841137622467271694318606278027873959611927924302921206384406449401308588436948121520981640018656493963165412559931514991222239826804736.0000
81.0000 -15808149264426854986804119295974483408228395734019646634502272064847351630197102171124569713111196181391817685579358668026401559637436767123001752059500821044889810632704.0000
82.0000 15417101256909449497550330023857931223514418679692676799291228415210541384002277082224564943932747156374853122448885136088271056278839302519743986309275023724189344333824.0000
83.0000 -14975783886060477448029119149449707576536147801372120916009149745664265911569367156923650173300271305874585191665082282235998135562331476193267083729386779489092933517312.0000
84.0000 14484899307946497662183365645997820179123869238983543333127444534024978000171702399609830346953216026674956320685040875922325762636782607431579720408808536496320343441408.0000
85.0000 -13945483605888908153671671405173914803936023773809528665289435051635562140458056799245181305284907321743609155273967920934385719565240564651340204992218421884585599041536.0000
86.0000 13358885757280215492549460343138377876764698325153636651643326824266079438919433179878480099047553179571798557461718741216400525697620923179339609100182549720561054908416.0000
87.0000 -12726744711046911727463927310505969165572633346272523118531115135765714341645032102727097445129652426366694708555901512774547602744737096521567848917592019283437019987968.0000
88.0000 12050965165850302047648866435297688964874198770531528202039127146505273510919167147967720010013565230828521912056383223042161557857403213895747882633954698068771225993216.0000
89.0000 -11333692625775726752585207473566708454114241754897321070609716011979210754983657407252997749520112696294501653456024362377279519175860579304978934843383425403190943678464.0000
90.0000 10577288281300144794947047342622185559299029802063457117042850870461213176133085644169222196417351745345703910301403849605611996566144919418926614378354037284190080204800.0000
91.0000 -9784304219778872598786613758541049941317256702991391222945960775764225280165970739466885142043995095777667236918255399174803015350192456915656686309715071748060418670592.0000
92.0000 8957459413031381687723537889898520011414855277613003086926663599746026193491228743397292910531599613537070063392657203492399759776938666382999205234817891239534750859264.0000
93.0000 -8099616861715547785719866598846354191981444117064454703820686228885472068871023756288337143471611308915692953458759733663477545499644731894447442852413228025137174937600.0000
94.0000 7213762199291885959990515752642585931508978258657702208620061686710741941136786537450260451501550219925504731436293134836748908925238318146961614337455153750482788286464.0000
95.0000 -6302983975010287392747979195127131328101624722743235251760409076614906171251932839644579195840799742926149971221286704900686500582585153309976887190091125355808928301056.0000
96.0000 5370455748222972081410534094683135853253071757843188895344582606399492918431900263809004469188678800951629552122282910464863690083211635282660959609621596212102575423488.0000
97.0000 -4419420038280656027177822507998510809412810962330031076973789118585993318202802841097260413410797803880244916265698396331112579180969006954170597455632858987356282159104.0000
98.0000 3453174088175832649122445656484398459029496515643711989064507190782287949927886545155320606180351942413594220268303417964715619641806056299755812090406012834052145414144.0000
99.0000 -2475057318766355675866924846532788876163776332007878365382089676438539489981604908080178361906799686989519394847470965650012445672492817789049016540727673529256533557248.0000
100.0000 1488440276499299932849765539099325772269636029731962993652428548050771310993076159616913657521458133418511405111373510824785575454787763430010520663437126865337129631744.0000
