0.0000 1.0000
1.0000 -5542679976560449273458891685888.0000
2.0000 10861556138783525751003549794304.0000
3.0000 -15747739868874879705325661847552.0000
4.0000 20020794703222223255569797480448.0000
5.0000 -23539678997206439411243554963456.0000
6.0000 26210179506812340126391423991808.0000
7.0000 -27988319080126705489396577075200.0000
8.0000 28879661717658397788716620840960.0000
9.0000 -28934862272443132654872044765184.0000
10.0000 28242163358557898958403234955264.0000
11.0000 -26917789023355975851484026765312.0000
12.0000 25095301847802444705867541512192.0000
13.0000 -22914975508761727127585015463936.0000
14.0000 20514104681461400936907037212672.0000
15.0000 -18018958433277155026659969073152.0000
16.0000 15538819634615986197523381354496.0000
17.0000 -13162280296162757192076352290816.0000
18.0000 10955715474618692753773886963712.0000
19.0000 -8963662003775792099041145257984.0000
20.0000 7210697316887173618309730926592.0000
21.0000 -5704351378008422051210747445248.0000
22.0000 4438585008770286434395701116928.0000
23.0000 -3397417631594434396325557567488.0000
24.0000 2558370007494766211037424254976.0000
25.0000 -1895485787888829656825111511040.0000
26.0000 1381794480847226955704964218880.0000
27.0000 -991166220825685975553907097600.0000
28.0000 699578300096396178148699406336.0000
29.0000 -485861730657719353388929384448.0000
30.0000 332023603179906128389804654592.0000
31.0000 -223250601826000446062145306624.0000
32.0000 147694993247380937869178699776.0000
33.0000 -96131395688114182561325907968.0000
34.0000 61554958142963784752853680128.0000
35.0000 -38772733485981552109703659520.0000
36.0000 24022493981485484275037896704.0000
37.0000 -14638491071242770100063830016.0000
38.0000 8772329677933613028961419264.0000
39.0000 -5169202125273740005974474752.0000
40.0000 2994795749460346551765303296.0000
41.0000 -1705637991922360009860579328.0000
42.0000 954814295170751433875128320.0000
43.0000 -525285411549369499788509184.0000
44.0000 283951107958162476113068032.0000
45.0000 -150794797228497135126708224.0000
46.0000 78657777453707604311146496.0000
47.0000 -40292341912825303436099584.0000
48.0000 20264539558485779034406912.0000
49.0000 -10004303933902813210345472.0000
50.0000 4846964740146170167296000.0000
51.0000 -2303969849355696018030592.0000
52.0000 1074218547002038187720704.0000
53.0000 -491129426903055854469120.0000
54.0000 220119467782710828728320.0000
55.0000 -96681790194436817289216.0000
56.0000 41601747041354057252864.0000
57.0000 -17531050502973703585792.0000
58.0000 7232259650807945756672.0000
59.0000 -2919717192660528136192.0000
60.0000 1153000366883925000192.0000
61.0000 -445195337765409062912.0000
62.0000 167997787062557671424.0000
63.0000 -61926335894642819072.0000
64.0000 22286402688940212224.0000
65.0000 -7826308436802781184.0000
66.0000 2680220309893295616.0000
67.0000 -894556732546778624.0000
68.0000 290789076529360832.0000
69.0000 -91996211753335664.0000
70.0000 28304159519684480.0000
71.0000 -8461777281341012.0000
72.0000 2455950904954539.5000
73.0000 -691370121730617.7500
74.0000 188576438525608.1875
75.0000 -49781313411724.3594
76.0000 12703466611723.1797
77.0000 -3129561336321.9424
78.0000 743234176977.8087
79.0000 -169888748069.3517
80.0000 37311911830.2182
81.0000 -7858553713.4491
82.0000 1583896627.6811
83.0000 -304768595.3998
84.0000 55836371.7447
85.0000 -9710977.3781
86.0000 1597804.3188
87.0000 -247741.0534
88.0000 36034.4501
89.0000 -4890.8241
90.0000 615.5545
91.0000 -71.3018
92.0000 7.5316
93.0000 -0.7172
94.0000 0.0607
95.0000 -0.0045
96.0000 0.0003
97.0000 -0.0000
98.0000 0.0000
99.0000 -0.0000
100.0000 0.0000
