0.0000 1.0000
1.0000 -9656510559593118564352.0000
2.0000 18948507270156065439744.0000
3.0000 -27534186552902251708416.0000
4.0000 35115203522095944302592.0000
5.0000 -41453712536813724237824.0000
6.0000 46384356760206211809280.0000
7.0000 -49820400576742878609408.0000
8.0000 51753800653910409478144.0000
9.0000 -52249603543076211523584.0000
10.0000 51435570380452183146496.0000
11.0000 -49488307551774066081792.0000
12.0000 46617392587265194065920.0000
13.0000 -43049017881935862562816.0000
14.0000 39010545348538510868480.0000
15.0000 -34717106162073031671808.0000
16.0000 30361037087352714952704.0000
17.0000 -26104568863653019779072.0000
18.0000 22075820293475323084800.0000
19.0000 -18367842738175643484160.0000
20.0000 15040229658756789567488.0000
21.0000 -12122666553549615267840.0000
22.0000 9619746796315743354880.0000
23.0000 -7516406497385850601472.0000
24.0000 5783417628563691536384.0000
25.0000 -4382501216038315098112.0000
26.0000 3270759814444438519808.0000
27.0000 -2404262292544590708736.0000
28.0000 1740730567187083821056.0000
29.0000 -1241369108124452519936.0000
30.0000 871940700093642702848.0000
31.0000 -603227163348678737920.0000
32.0000 411025486098091737088.0000
33.0000 -275823694766385528832.0000
34.0000 182282795453220913152.0000
35.0000 -118626824671530401792.0000
36.0000 76017000915136167936.0000
37.0000 -47961461937473323008.0000
38.0000 29791135454682849280.0000
39.0000 -18215859635053318144.0000
40.0000 10963044800612126720.0000
41.0000 -6493494219866478592.0000
42.0000 3784724016258619392.0000
43.0000 -2170386273543126784.0000
44.0000 1224394147297472256.0000
45.0000 -679386394565994752.0000
46.0000 370722869971715648.0000
47.0000 -198902295140862976.0000
48.0000 104906956698378304.0000
49.0000 -54381867443431456.0000
50.0000 27700996253546328.0000
51.0000 -13862093735145548.0000
52.0000 6813174799971415.0000
53.0000 -3288112324541120.0000
54.0000 1557769069712760.2500
55.0000 -724261041259755.7500
56.0000 330363524591689.8125
57.0000 -147793674148049.7812
58.0000 64824675533277.6562
59.0000 -27867058760405.1562
60.0000 11736664594342.3438
61.0000 -4840919552096.3281
62.0000 1954596392336.8643
63.0000 -772213931473.1991
64.0000 298375159344.3763
65.0000 -112696984997.6106
66.0000 41586508818.4528
67.0000 -14984203571.3641
68.0000 5268531481.9651
69.0000 -1806489643.0224
70.0000 603623894.7509
71.0000 -196406228.3979
72.0000 62179933.5070
73.0000 -19136939.2887
74.0000 5720219.8597
75.0000 -1658929.5914
76.0000 466269.7304
77.0000 -126857.7013
78.0000 33365.2758
79.0000 -8471.1760
80.0000 2072.8772
81.0000 -488.0018
82.0000 110.3164
83.0000 -23.8937
84.0000 4.9464
85.0000 -0.9760
86.0000 0.1830
87.0000 -0.0325
88.0000 0.0054
89.0000 -0.0009
90.0000 0.0001
91.0000 -0.0000
92.0000 0.0000
93.0000 -0.0000
94.0000 0.0000
95.0000 -0.0000
96.0000 0.0000
97.0000 -0.0000
98.0000 0.0000
99.0000 -0.0000
100.0000 0.0000
