0.0000 0.2113
1.0000 0.2113
2.0000 0.2125
3.0000 0.2147
4.0000 0.2181
5.0000 0.2226
6.0000 0.2282
7.0000 0.2349
8.0000 0.2426
9.0000 0.2513
10.0000 0.2610
11.0000 0.2717
12.0000 0.2832
13.0000 0.2957
14.0000 0.3089
15.0000 0.3229
16.0000 0.3376
17.0000 0.3530
18.0000 0.3689
19.0000 0.3854
20.0000 0.4024
21.0000 0.4197
22.0000 0.4374
23.0000 0.4553
24.0000 0.4734
25.0000 0.4917
26.0000 0.5100
27.0000 0.5282
28.0000 0.5464
29.0000 0.5644
30.0000 0.5822
31.0000 0.5996
32.0000 0.6167
33.0000 0.6333
34.0000 0.6495
35.0000 0.6650
36.0000 0.6800
37.0000 0.6942
38.0000 0.7078
39.0000 0.7205
40.0000 0.7324
41.0000 0.7434
42.0000 0.7535
43.0000 0.7626
44.0000 0.7707
45.0000 0.7778
46.0000 0.7839
47.0000 0.7889
48.0000 0.7928
49.0000 0.7956
50.0000 0.7972
51.0000 0.7978
52.0000 0.7972
53.0000 0.7956
54.0000 0.7928
55.0000 0.7889
56.0000 0.7839
57.0000 0.7778
58.0000 0.7707
59.0000 0.7626
60.0000 0.7535
61.0000 0.7434
62.0000 0.7324
63.0000 0.7205
64.0000 0.7078
65.0000 0.6942
66.0000 0.6800
67.0000 0.6650
68.0000 0.6495
69.0000 0.6333
70.0000 0.6167
71.0000 0.5996
72.0000 0.5822
73.0000 0.5644
74.0000 0.5464
75.0000 0.5282
76.0000 0.5100
77.0000 0.4917
78.0000 0.4734
79.0000 0.4553
80.0000 0.4374
81.0000 0.4197
82.0000 0.4024
83.0000 0.3854
84.0000 0.3689
85.0000 0.3530
86.0000 0.3376
87.0000 0.3229
88.0000 0.3089
89.0000 0.2957
90.0000 0.2832
91.0000 0.2717
92.0000 0.2610
93.0000 0.2513
94.0000 0.2426
95.0000 0.2349
96.0000 0.2282
97.0000 0.2226
98.0000 0.2181
99.0000 0.2147
100.0000 0.2125
