0.0000 0.0000
1.0000 0.0129
2.0000 0.0258
3.0000 0.0387
4.0000 0.0515
5.0000 0.0643
6.0000 0.0770
7.0000 0.0896
8.0000 0.1022
9.0000 0.1147
10.0000 0.1270
11.0000 0.1393
12.0000 0.1514
13.0000 0.1633
14.0000 0.1751
15.0000 0.1868
16.0000 0.1982
17.0000 0.2095
18.0000 0.2206
19.0000 0.2314
20.0000 0.2421
21.0000 0.2525
22.0000 0.2626
23.0000 0.2725
24.0000 0.2822
25.0000 0.2915
26.0000 0.3006
27.0000 0.3094
28.0000 0.3179
29.0000 0.3261
30.0000 0.3340
31.0000 0.3415
32.0000 0.3488
33.0000 0.3557
34.0000 0.3622
35.0000 0.3684
36.0000 0.3742
37.0000 0.3796
38.0000 0.3847
39.0000 0.3894
40.0000 0.3938
41.0000 0.3977
42.0000 0.4012
43.0000 0.4044
44.0000 0.4071
45.0000 0.4095
46.0000 0.4114
47.0000 0.4130
48.0000 0.4141
49.0000 0.4148
50.0000 0.4152
51.0000 0.4151
52.0000 0.4145
53.0000 0.4136
54.0000 0.4123
55.0000 0.4105
56.0000 0.4084
57.0000 0.4058
58.0000 0.4029
59.0000 0.3995
60.0000 0.3958
61.0000 0.3916
62.0000 0.3870
63.0000 0.3821
64.0000 0.3768
65.0000 0.3711
66.0000 0.3650
67.0000 0.3586
68.0000 0.3518
69.0000 0.3447
70.0000 0.3372
71.0000 0.3294
72.0000 0.3213
73.0000 0.3128
74.0000 0.3040
75.0000 0.2949
76.0000 0.2855
77.0000 0.2759
78.0000 0.2659
79.0000 0.2557
80.0000 0.2453
81.0000 0.2346
82.0000 0.2236
83.0000 0.2125
84.0000 0.2011
85.0000 0.1895
86.0000 0.1777
87.0000 0.1658
88.0000 0.1537
89.0000 0.1414
90.0000 0.1290
91.0000 0.1165
92.0000 0.1038
93.0000 0.0911
94.0000 0.0782
95.0000 0.0653
96.0000 0.0523
97.0000 0.0393
98.0000 0.0262
99.0000 0.0131
100.0000 0.0000
