0.0000 1.0000
1.0000 0.9113
2.0000 0.8236
3.0000 0.7381
4.0000 0.6557
5.0000 0.5773
6.0000 0.5036
7.0000 0.4351
8.0000 0.3724
9.0000 0.3155
10.0000 0.2647
11.0000 0.2197
12.0000 0.1805
13.0000 0.1468
14.0000 0.1181
15.0000 0.0939
16.0000 0.0739
17.0000 0.0575
18.0000 0.0442
19.0000 0.0336
20.0000 0.0253
21.0000 0.0188
22.0000 0.0138
23.0000 0.0100
24.0000 0.0072
25.0000 0.0051
26.0000 0.0035
27.0000 0.0025
28.0000 0.0017
29.0000 0.0011
30.0000 0.0007
31.0000 0.0005
32.0000 0.0003
33.0000 0.0002
34.0000 0.0001
35.0000 0.0001
36.0000 0.0000
37.0000 0.0000
38.0000 0.0000
39.0000 0.0000
40.0000 0.0000
41.0000 0.0000
42.0000 0.0000
43.0000 0.0000
44.0000 0.0000
45.0000 0.0000
46.0000 0.0000
47.0000 0.0000
48.0000 0.0000
49.0000 0.0000
50.0000 0.0000
51.0000 0.0000
52.0000 0.0000
53.0000 0.0000
54.0000 0.0000
55.0000 0.0000
56.0000 0.0000
57.0000 0.0000
58.0000 0.0000
59.0000 0.0000
60.0000 0.0000
61.0000 0.0000
62.0000 0.0000
63.0000 0.0000
64.0000 0.0000
65.0000 0.0000
66.0000 0.0000
67.0000 0.0000
68.0000 0.0000
69.0000 0.0000
70.0000 0.0000
71.0000 0.0000
72.0000 0.0000
73.0000 0.0000
74.0000 0.0000
75.0000 0.0000
76.0000 0.0000
77.0000 0.0000
78.0000 0.0000
79.0000 0.0000
80.0000 0.0000
81.0000 0.0000
82.0000 0.0000
83.0000 0.0000
84.0000 0.0000
85.0000 0.0000
86.0000 0.0000
87.0000 0.0000
88.0000 0.0000
89.0000 0.0000
90.0000 0.0000
91.0000 0.0000
92.0000 0.0000
93.0000 0.0000
94.0000 0.0000
95.0000 0.0000
96.0000 0.0000
97.0000 0.0000
98.0000 0.0000
99.0000 0.0000
100.0000 0.0000
