0.0000 0.0000
1.0000 0.0000
2.0000 0.0000
3.0000 0.0000
4.0000 0.0000
5.0000 0.0001
6.0000 0.0001
7.0000 0.0001
8.0000 0.0001
9.0000 0.0001
10.0000 0.0001
11.0000 0.0001
12.0000 0.0001
13.0000 0.0001
14.0000 0.0001
15.0000 0.0002
16.0000 0.0002
17.0000 0.0002
18.0000 0.0002
19.0000 0.0002
20.0000 0.0002
21.0000 0.0002
22.0000 0.0002
23.0000 0.0002
24.0000 0.0002
25.0000 0.0002
26.0000 0.0002
27.0000 0.0003
28.0000 0.0003
29.0000 0.0003
30.0000 0.0003
31.0000 0.0003
32.0000 0.0003
33.0000 0.0003
34.0000 0.0003
35.0000 0.0003
36.0000 0.0003
37.0000 0.0003
38.0000 0.0003
39.0000 0.0003
40.0000 0.0003
41.0000 0.0003
42.0000 0.0003
43.0000 0.0003
44.0000 0.0003
45.0000 0.0003
46.0000 0.0003
47.0000 0.0003
48.0000 0.0003
49.0000 0.0003
50.0000 0.0003
51.0000 0.0003
52.0000 0.0003
53.0000 0.0003
54.0000 0.0003
55.0000 0.0003
56.0000 0.0003
57.0000 0.0003
58.0000 0.0003
59.0000 0.0003
60.0000 0.0003
61.0000 0.0003
62.0000 0.0003
63.0000 0.0003
64.0000 0.0003
65.0000 0.0003
66.0000 0.0003
67.0000 0.0003
68.0000 0.0003
69.0000 0.0003
70.0000 0.0003
71.0000 0.0003
72.0000 0.0003
73.0000 0.0003
74.0000 0.0002
75.0000 0.0002
76.0000 0.0002
77.0000 0.0002
78.0000 0.0002
79.0000 0.0002
80.0000 0.0002
81.0000 0.0002
82.0000 0.0002
83.0000 0.0002
84.0000 0.0002
85.0000 0.0002
86.0000 0.0001
87.0000 0.0001
88.0000 0.0001
89.0000 0.0001
90.0000 0.0001
91.0000 0.0001
92.0000 0.0001
93.0000 0.0001
94.0000 0.0001
95.0000 0.0001
96.0000 0.0000
97.0000 0.0000
98.0000 0.0000
99.0000 0.0000
100.0000 0.0000
