0.00 1.00 10.00 0.00
0.10 1.00 10.00 -0.00
0.20 1.00 10.00 -0.00
0.30 1.00 10.00 -0.00
0.40 1.00 10.00 -0.00
0.50 1.00 10.00 -0.00
0.60 1.00 10.00 -0.00
0.70 1.00 10.00 -0.00
0.80 1.00 10.00 -0.00
0.90 1.00 10.00 -0.00
0.99 0.99 9.99 -0.01
1.09 0.99 9.99 -0.01
1.19 0.99 9.99 -0.01
1.29 0.99 9.99 -0.01
1.39 0.99 9.99 -0.01
1.49 0.99 9.99 -0.01
1.59 0.99 9.99 -0.01
1.68 0.98 9.98 -0.02
1.78 0.98 9.98 -0.02
1.88 0.98 9.98 -0.02
1.98 0.98 9.98 -0.02
2.07 0.97 9.97 -0.03
2.17 0.97 9.97 -0.03
2.27 0.97 9.97 -0.03
2.37 0.97 9.97 -0.03
2.46 0.96 9.96 -0.04
2.56 0.96 9.96 -0.04
2.66 0.96 9.96 -0.04
2.75 0.95 9.95 -0.05
2.85 0.95 9.95 -0.05
2.94 0.94 9.94 -0.06
3.04 0.94 9.94 -0.06
3.14 0.94 9.94 -0.06
3.23 0.93 9.93 -0.07
3.33 0.93 9.93 -0.07
3.42 0.92 9.92 -0.08
3.51 0.91 9.91 -0.09
3.61 0.91 9.91 -0.09
3.70 0.90 9.90 -0.10
3.80 0.90 9.90 -0.10
3.89 0.89 9.89 -0.11
3.98 0.88 9.88 -0.12
4.08 0.88 9.88 -0.12
4.17 0.87 9.87 -0.13
4.26 0.86 9.86 -0.14
4.35 0.85 9.85 -0.15
4.45 0.85 9.85 -0.15
4.54 0.84 9.84 -0.16
4.63 0.83 9.83 -0.17
4.72 0.82 9.82 -0.18
4.81 0.81 9.81 -0.19
4.90 0.80 9.80 -0.20
4.99 0.79 9.79 -0.21
5.08 0.78 9.78 -0.22
5.17 0.77 9.77 -0.23
5.26 0.76 9.76 -0.24
5.34 0.74 9.74 -0.26
5.43 0.73 9.73 -0.27
5.52 0.72 9.72 -0.28
5.60 0.70 9.70 -0.30
5.69 0.69 9.69 -0.31
5.78 0.68 9.68 -0.32
5.86 0.66 9.66 -0.34
5.94 0.64 9.64 -0.36
6.03 0.63 9.63 -0.37
6.11 0.61 9.61 -0.39
6.19 0.59 9.59 -0.41
6.27 0.57 9.57 -0.43
6.35 0.55 9.55 -0.45
6.43 0.53 9.53 -0.47
6.51 0.51 9.51 -0.49
6.59 0.49 9.49 -0.51
6.66 0.46 9.46 -0.54
6.74 0.44 9.44 -0.56
6.81 0.41 9.41 -0.59
6.89 0.39 9.39 -0.61
6.96 0.36 9.36 -0.64
7.03 0.33 9.33 -0.67
7.09 0.29 9.29 -0.71
7.16 0.26 9.26 -0.74
7.23 0.23 9.23 -0.77
7.29 0.19 9.19 -0.81
7.35 0.15 9.15 -0.85
7.41 0.11 9.11 -0.89
7.46 0.06 9.06 -0.94
7.51 0.01 9.01 -0.99
7.56 -0.04 8.96 -1.04
7.61 -0.09 8.91 -1.09
7.65 -0.15 8.85 -1.15
7.69 -0.21 8.79 -1.21
7.73 -0.27 8.73 -1.27
7.75 -0.35 8.65 -1.35
7.78 -0.42 8.58 -1.42
7.79 -0.51 8.49 -1.51
7.81 -0.59 8.41 -1.59
7.81 -0.69 8.31 -1.69
7.80 -0.80 8.20 -1.80
7.79 -0.91 8.09 -1.91
7.77 -1.03 7.97 -2.03
7.74 -1.16 7.84 -2.16
7.69 -1.31 7.69 -2.31
7.64 -1.46 7.54 -2.46
7.58 -1.62 7.38 -2.62
7.51 -1.79 7.21 -2.79
7.43 -1.97 7.03 -2.97
7.34 -2.16 6.84 -3.16
7.24 -2.36 6.64 -3.36
7.14 -2.56 6.44 -3.56
7.02 -2.78 6.22 -3.78
6.91 -2.99 6.01 -3.99
6.78 -3.22 5.78 -4.22
6.65 -3.45 5.55 -4.45
6.52 -3.68 5.32 -4.68
6.39 -3.91 5.09 -4.91
6.24 -4.16 4.84 -5.16
6.10 -4.40 4.60 -5.40
5.95 -4.65 4.35 -5.65
5.80 -4.90 4.10 -5.90
5.65 -5.15 3.85 -6.15
5.50 -5.40 3.60 -6.40
5.34 -5.66 3.34 -6.66
5.18 -5.92 3.08 -6.92
5.02 -6.18 2.82 -7.18
4.86 -6.44 2.56 -7.44
4.69 -6.71 2.29 -7.71
4.53 -6.97 2.03 -7.97
4.36 -7.24 1.76 -8.24
4.19 -7.51 1.49 -8.51
4.03 -7.77 1.23 -8.77
3.85 -8.05 0.95 -9.05
3.68 -8.32 0.68 -9.32
3.51 -8.59 0.41 -9.59
3.34 -8.86 0.14 -9.86
3.16 -9.14 -0.14 -10.14
2.99 -9.41 -0.41 -10.41
2.81 -9.69 -0.69 -10.69
2.64 -9.96 -0.96 -10.96
2.46 -10.24 -1.24 -11.24
2.28 -10.52 -1.52 -11.52
2.10 -10.80 -1.80 -11.80
1.92 -11.08 -2.08 -12.08
1.74 -11.36 -2.36 -12.36
1.56 -11.64 -2.64 -12.64
1.38 -11.92 -2.92 -12.92
1.20 -12.20 -3.20 -13.20
1.02 -12.48 -3.48 -13.48
0.83 -12.77 -3.77 -13.77
0.65 -13.05 -4.05 -14.05
0.47 -13.33 -4.33 -14.33
0.28 -13.62 -4.62 -14.62
0.10 -13.90 -4.90 -14.90
-0.09 -14.19 -5.19 -15.19
-0.27 -14.47 -5.47 -15.47
-0.46 -14.76 -5.76 -15.76
-0.64 -15.04 -6.04 -16.04
-0.83 -15.33 -6.33 -16.33
-1.01 -15.61 -6.61 -16.61
-1.20 -15.90 -6.90 -16.90
-1.39 -16.19 -7.19 -17.19
-1.58 -16.48 -7.48 -17.48
-1.76 -16.76 -7.76 -17.76
-1.95 -17.05 -8.05 -18.05
-2.14 -17.34 -8.34 -18.34
-2.33 -17.63 -8.63 -18.63
-2.52 -17.92 -8.92 -18.92
-2.70 -18.20 -9.20 -19.20
-2.89 -18.49 -9.49 -19.49
-3.08 -18.78 -9.78 -19.78
-3.27 -19.07 -10.07 -20.07
-3.46 -19.36 -10.36 -20.36
-3.65 -19.65 -10.65 -20.65
-3.84 -19.94 -10.94 -20.94
-4.03 -20.23 -11.23 -21.23
-4.22 -20.52 -11.52 -21.52
-4.41 -20.81 -11.81 -21.81
-4.60 -21.10 -12.10 -22.10
-4.80 -21.40 -12.40 -22.40
-4.99 -21.69 -12.69 -22.69
-5.18 -21.98 -12.98 -22.98
-5.37 -22.27 -13.27 -23.27
-5.56 -22.56 -13.56 -23.56
-5.75 -22.85 -13.85 -23.85
-5.94 -23.14 -14.14 -24.14
-6.14 -23.44 -14.44 -24.44
-6.33 -23.73 -14.73 -24.73
-6.52 -24.02 -15.02 -25.02
-6.71 -24.31 -15.31 -25.31
-6.91 -24.61 -15.61 -25.61
-7.10 -24.90 -15.90 -25.90
-7.29 -25.19 -16.19 -26.19
-7.49 -25.49 -16.49 -26.49
-7.68 -25.78 -16.78 -26.78
-7.87 -26.07 -17.07 -27.07
-8.07 -26.37 -17.37 -27.37
-8.26 -26.66 -17.66 -27.66
-8.45 -26.95 -17.95 -27.95
-8.65 -27.25 -18.25 -28.25
-8.84 -27.54 -18.54 -28.54
-9.03 -27.83 -18.83 -28.83
-9.23 -28.13 -19.13 -29.13
