0.0000 1.0000
1.0000 0.9403
2.0000 0.8810
3.0000 0.8224
4.0000 0.7647
5.0000 0.7083
6.0000 0.6535
7.0000 0.6005
8.0000 0.5496
9.0000 0.5009
10.0000 0.4546
11.0000 0.4109
12.0000 0.3698
13.0000 0.3313
14.0000 0.2956
15.0000 0.2625
16.0000 0.2322
17.0000 0.2044
18.0000 0.1792
19.0000 0.1563
20.0000 0.1358
21.0000 0.1174
22.0000 0.1011
23.0000 0.0866
24.0000 0.0739
25.0000 0.0627
26.0000 0.0530
27.0000 0.0446
28.0000 0.0374
29.0000 0.0311
30.0000 0.0258
31.0000 0.0214
32.0000 0.0176
33.0000 0.0144
34.0000 0.0117
35.0000 0.0095
36.0000 0.0077
37.0000 0.0062
38.0000 0.0049
39.0000 0.0039
40.0000 0.0031
41.0000 0.0025
42.0000 0.0019
43.0000 0.0015
44.0000 0.0012
45.0000 0.0009
46.0000 0.0007
47.0000 0.0005
48.0000 0.0004
49.0000 0.0003
50.0000 0.0002
51.0000 0.0002
52.0000 0.0001
53.0000 0.0001
54.0000 0.0001
55.0000 0.0001
56.0000 0.0000
57.0000 0.0000
58.0000 0.0000
59.0000 0.0000
60.0000 0.0000
61.0000 0.0000
62.0000 0.0000
63.0000 0.0000
64.0000 0.0000
65.0000 0.0000
66.0000 0.0000
67.0000 0.0000
68.0000 0.0000
69.0000 0.0000
70.0000 0.0000
71.0000 0.0000
72.0000 0.0000
73.0000 0.0000
74.0000 0.0000
75.0000 0.0000
76.0000 0.0000
77.0000 0.0000
78.0000 0.0000
79.0000 0.0000
80.0000 0.0000
81.0000 0.0000
82.0000 0.0000
83.0000 0.0000
84.0000 0.0000
85.0000 0.0000
86.0000 0.0000
87.0000 0.0000
88.0000 0.0000
89.0000 0.0000
90.0000 0.0000
91.0000 0.0000
92.0000 0.0000
93.0000 0.0000
94.0000 0.0000
95.0000 0.0000
96.0000 0.0000
97.0000 0.0000
98.0000 0.0000
99.0000 0.0000
100.0000 0.0000
