0.0000 1.0000
1.0000 0.9770
2.0000 0.9539
3.0000 0.9310
4.0000 0.9081
5.0000 0.8852
6.0000 0.8625
7.0000 0.8398
8.0000 0.8173
9.0000 0.7950
10.0000 0.7728
11.0000 0.7508
12.0000 0.7290
13.0000 0.7074
14.0000 0.6860
15.0000 0.6649
16.0000 0.6441
17.0000 0.6235
18.0000 0.6033
19.0000 0.5833
20.0000 0.5636
21.0000 0.5443
22.0000 0.5253
23.0000 0.5066
24.0000 0.4883
25.0000 0.4704
26.0000 0.4528
27.0000 0.4357
28.0000 0.4188
29.0000 0.4024
30.0000 0.3864
31.0000 0.3708
32.0000 0.3555
33.0000 0.3407
34.0000 0.3263
35.0000 0.3123
36.0000 0.2986
37.0000 0.2854
38.0000 0.2726
39.0000 0.2602
40.0000 0.2482
41.0000 0.2365
42.0000 0.2253
43.0000 0.2145
44.0000 0.2040
45.0000 0.1939
46.0000 0.1842
47.0000 0.1748
48.0000 0.1658
49.0000 0.1572
50.0000 0.1489
51.0000 0.1409
52.0000 0.1333
53.0000 0.1260
54.0000 0.1190
55.0000 0.1123
56.0000 0.1059
57.0000 0.0999
58.0000 0.0940
59.0000 0.0885
60.0000 0.0832
61.0000 0.0782
62.0000 0.0734
63.0000 0.0689
64.0000 0.0646
65.0000 0.0605
66.0000 0.0567
67.0000 0.0530
68.0000 0.0495
69.0000 0.0463
70.0000 0.0432
71.0000 0.0402
72.0000 0.0375
73.0000 0.0349
74.0000 0.0324
75.0000 0.0301
76.0000 0.0279
77.0000 0.0259
78.0000 0.0239
79.0000 0.0221
80.0000 0.0204
81.0000 0.0188
82.0000 0.0173
83.0000 0.0159
84.0000 0.0145
85.0000 0.0133
86.0000 0.0121
87.0000 0.0109
88.0000 0.0099
89.0000 0.0089
90.0000 0.0079
91.0000 0.0070
92.0000 0.0061
93.0000 0.0053
94.0000 0.0045
95.0000 0.0037
96.0000 0.0029
97.0000 0.0022
98.0000 0.0014
99.0000 0.0007
100.0000 0.0000
