0.0000 1.0000
1.0000 0.9367
2.0000 0.8739
3.0000 0.8118
4.0000 0.7509
5.0000 0.6915
6.0000 0.6340
7.0000 0.5786
8.0000 0.5257
9.0000 0.4753
10.0000 0.4278
11.0000 0.3831
12.0000 0.3415
13.0000 0.3029
14.0000 0.2674
15.0000 0.2348
16.0000 0.2052
17.0000 0.1784
18.0000 0.1543
19.0000 0.1329
20.0000 0.1138
21.0000 0.0969
22.0000 0.0822
23.0000 0.0693
24.0000 0.0581
25.0000 0.0485
26.0000 0.0403
27.0000 0.0333
28.0000 0.0274
29.0000 0.0224
30.0000 0.0182
31.0000 0.0147
32.0000 0.0119
33.0000 0.0095
34.0000 0.0076
35.0000 0.0060
36.0000 0.0047
37.0000 0.0037
38.0000 0.0029
39.0000 0.0023
40.0000 0.0018
41.0000 0.0013
42.0000 0.0010
43.0000 0.0008
44.0000 0.0006
45.0000 0.0005
46.0000 0.0003
47.0000 0.0003
48.0000 0.0002
49.0000 0.0001
50.0000 0.0001
51.0000 0.0001
52.0000 0.0001
53.0000 0.0000
54.0000 0.0000
55.0000 0.0000
56.0000 0.0000
57.0000 0.0000
58.0000 0.0000
59.0000 0.0000
60.0000 0.0000
61.0000 0.0000
62.0000 0.0000
63.0000 0.0000
64.0000 0.0000
65.0000 0.0000
66.0000 0.0000
67.0000 0.0000
68.0000 0.0000
69.0000 0.0000
70.0000 0.0000
71.0000 0.0000
72.0000 0.0000
73.0000 0.0000
74.0000 0.0000
75.0000 0.0000
76.0000 0.0000
77.0000 0.0000
78.0000 0.0000
79.0000 0.0000
80.0000 0.0000
81.0000 0.0000
82.0000 0.0000
83.0000 0.0000
84.0000 0.0000
85.0000 0.0000
86.0000 0.0000
87.0000 0.0000
88.0000 0.0000
89.0000 0.0000
90.0000 0.0000
91.0000 0.0000
92.0000 0.0000
93.0000 0.0000
94.0000 0.0000
95.0000 0.0000
96.0000 0.0000
97.0000 0.0000
98.0000 0.0000
99.0000 0.0000
100.0000 0.0000
