0.0000 1.0000
1.0000 0.9434
2.0000 0.8871
3.0000 0.8314
4.0000 0.7765
5.0000 0.7227
6.0000 0.6702
7.0000 0.6194
8.0000 0.5703
9.0000 0.5231
10.0000 0.4781
11.0000 0.4353
12.0000 0.3948
13.0000 0.3567
14.0000 0.3210
15.0000 0.2877
16.0000 0.2569
17.0000 0.2285
18.0000 0.2024
19.0000 0.1785
20.0000 0.1569
21.0000 0.1373
22.0000 0.1196
23.0000 0.1038
24.0000 0.0898
25.0000 0.0773
26.0000 0.0663
27.0000 0.0566
28.0000 0.0481
29.0000 0.0407
30.0000 0.0344
31.0000 0.0289
32.0000 0.0241
33.0000 0.0201
34.0000 0.0167
35.0000 0.0138
36.0000 0.0113
37.0000 0.0093
38.0000 0.0076
39.0000 0.0062
40.0000 0.0050
41.0000 0.0040
42.0000 0.0032
43.0000 0.0026
44.0000 0.0021
45.0000 0.0016
46.0000 0.0013
47.0000 0.0010
48.0000 0.0008
49.0000 0.0006
50.0000 0.0005
51.0000 0.0004
52.0000 0.0003
53.0000 0.0002
54.0000 0.0002
55.0000 0.0001
56.0000 0.0001
57.0000 0.0001
58.0000 0.0001
59.0000 0.0000
60.0000 0.0000
61.0000 0.0000
62.0000 0.0000
63.0000 0.0000
64.0000 0.0000
65.0000 0.0000
66.0000 0.0000
67.0000 0.0000
68.0000 0.0000
69.0000 0.0000
70.0000 0.0000
71.0000 0.0000
72.0000 0.0000
73.0000 0.0000
74.0000 0.0000
75.0000 0.0000
76.0000 0.0000
77.0000 0.0000
78.0000 0.0000
79.0000 0.0000
80.0000 0.0000
81.0000 0.0000
82.0000 0.0000
83.0000 0.0000
84.0000 0.0000
85.0000 0.0000
86.0000 0.0000
87.0000 0.0000
88.0000 0.0000
89.0000 0.0000
90.0000 0.0000
91.0000 0.0000
92.0000 0.0000
93.0000 0.0000
94.0000 0.0000
95.0000 0.0000
96.0000 0.0000
97.0000 0.0000
98.0000 0.0000
99.0000 0.0000
100.0000 0.0000
