0.0000 1.0000
1.0000 0.9601
2.0000 0.9203
3.0000 0.8807
4.0000 0.8414
5.0000 0.8025
6.0000 0.7641
7.0000 0.7263
8.0000 0.6891
9.0000 0.6526
10.0000 0.6170
11.0000 0.5822
12.0000 0.5484
13.0000 0.5156
14.0000 0.4838
15.0000 0.4532
16.0000 0.4236
17.0000 0.3952
18.0000 0.3680
19.0000 0.3420
20.0000 0.3173
21.0000 0.2937
22.0000 0.2713
23.0000 0.2501
24.0000 0.2301
25.0000 0.2113
26.0000 0.1936
27.0000 0.1770
28.0000 0.1615
29.0000 0.1471
30.0000 0.1336
31.0000 0.1212
32.0000 0.1096
33.0000 0.0990
34.0000 0.0892
35.0000 0.0802
36.0000 0.0719
37.0000 0.0644
38.0000 0.0575
39.0000 0.0513
40.0000 0.0456
41.0000 0.0404
42.0000 0.0358
43.0000 0.0316
44.0000 0.0279
45.0000 0.0245
46.0000 0.0215
47.0000 0.0188
48.0000 0.0165
49.0000 0.0144
50.0000 0.0125
51.0000 0.0108
52.0000 0.0094
53.0000 0.0081
54.0000 0.0070
55.0000 0.0060
56.0000 0.0052
57.0000 0.0044
58.0000 0.0038
59.0000 0.0032
60.0000 0.0027
61.0000 0.0023
62.0000 0.0020
63.0000 0.0017
64.0000 0.0014
65.0000 0.0012
66.0000 0.0010
67.0000 0.0008
68.0000 0.0007
69.0000 0.0006
70.0000 0.0005
71.0000 0.0004
72.0000 0.0003
73.0000 0.0003
74.0000 0.0002
75.0000 0.0002
76.0000 0.0001
77.0000 0.0001
78.0000 0.0001
79.0000 0.0001
80.0000 0.0001
81.0000 0.0001
82.0000 0.0000
83.0000 0.0000
84.0000 0.0000
85.0000 0.0000
86.0000 0.0000
87.0000 0.0000
88.0000 0.0000
89.0000 0.0000
90.0000 0.0000
91.0000 0.0000
92.0000 0.0000
93.0000 0.0000
94.0000 0.0000
95.0000 0.0000
96.0000 0.0000
97.0000 0.0000
98.0000 0.0000
99.0000 0.0000
100.0000 0.0000
