0.0000 1.0000
1.0000 0.9643
2.0000 0.9287
3.0000 0.8932
4.0000 0.8579
5.0000 0.8229
6.0000 0.7883
7.0000 0.7541
8.0000 0.7203
9.0000 0.6871
10.0000 0.6545
11.0000 0.6225
12.0000 0.5912
13.0000 0.5607
14.0000 0.5310
15.0000 0.5020
16.0000 0.4740
17.0000 0.4468
18.0000 0.4205
19.0000 0.3952
20.0000 0.3708
21.0000 0.3474
22.0000 0.3249
23.0000 0.3034
24.0000 0.2829
25.0000 0.2634
26.0000 0.2447
27.0000 0.2271
28.0000 0.2104
29.0000 0.1945
30.0000 0.1796
31.0000 0.1656
32.0000 0.1523
33.0000 0.1400
34.0000 0.1284
35.0000 0.1175
36.0000 0.1074
37.0000 0.0980
38.0000 0.0893
39.0000 0.0812
40.0000 0.0737
41.0000 0.0668
42.0000 0.0604
43.0000 0.0546
44.0000 0.0492
45.0000 0.0443
46.0000 0.0398
47.0000 0.0357
48.0000 0.0319
49.0000 0.0285
50.0000 0.0255
51.0000 0.0227
52.0000 0.0202
53.0000 0.0179
54.0000 0.0159
55.0000 0.0140
56.0000 0.0124
57.0000 0.0109
58.0000 0.0096
59.0000 0.0084
60.0000 0.0074
61.0000 0.0065
62.0000 0.0056
63.0000 0.0049
64.0000 0.0043
65.0000 0.0037
66.0000 0.0032
67.0000 0.0028
68.0000 0.0024
69.0000 0.0021
70.0000 0.0018
71.0000 0.0015
72.0000 0.0013
73.0000 0.0011
74.0000 0.0010
75.0000 0.0008
76.0000 0.0007
77.0000 0.0006
78.0000 0.0005
79.0000 0.0004
80.0000 0.0004
81.0000 0.0003
82.0000 0.0003
83.0000 0.0002
84.0000 0.0002
85.0000 0.0002
86.0000 0.0001
87.0000 0.0001
88.0000 0.0001
89.0000 0.0001
90.0000 0.0001
91.0000 0.0000
92.0000 0.0000
93.0000 0.0000
94.0000 0.0000
95.0000 0.0000
96.0000 0.0000
97.0000 0.0000
98.0000 0.0000
99.0000 0.0000
100.0000 0.0000
