0.0000 1.0000
1.0000 0.9837
2.0000 0.9674
3.0000 0.9511
4.0000 0.9349
5.0000 0.9187
6.0000 0.9025
7.0000 0.8863
8.0000 0.8702
9.0000 0.8541
10.0000 0.8381
11.0000 0.8222
12.0000 0.8063
13.0000 0.7906
14.0000 0.7749
15.0000 0.7593
16.0000 0.7438
17.0000 0.7284
18.0000 0.7131
19.0000 0.6979
20.0000 0.6828
21.0000 0.6679
22.0000 0.6530
23.0000 0.6384
24.0000 0.6238
25.0000 0.6094
26.0000 0.5952
27.0000 0.5811
28.0000 0.5671
29.0000 0.5533
30.0000 0.5397
31.0000 0.5262
32.0000 0.5129
33.0000 0.4998
34.0000 0.4869
35.0000 0.4741
36.0000 0.4615
37.0000 0.4491
38.0000 0.4369
39.0000 0.4249
40.0000 0.4130
41.0000 0.4014
42.0000 0.3899
43.0000 0.3787
44.0000 0.3676
45.0000 0.3567
46.0000 0.3460
47.0000 0.3355
48.0000 0.3252
49.0000 0.3151
50.0000 0.3052
51.0000 0.2954
52.0000 0.2859
53.0000 0.2766
54.0000 0.2674
55.0000 0.2584
56.0000 0.2496
57.0000 0.2411
58.0000 0.2326
59.0000 0.2244
60.0000 0.2163
61.0000 0.2085
62.0000 0.2008
63.0000 0.1932
64.0000 0.1859
65.0000 0.1787
66.0000 0.1716
67.0000 0.1648
68.0000 0.1580
69.0000 0.1515
70.0000 0.1450
71.0000 0.1388
72.0000 0.1326
73.0000 0.1266
74.0000 0.1208
75.0000 0.1150
76.0000 0.1094
77.0000 0.1039
78.0000 0.0986
79.0000 0.0933
80.0000 0.0881
81.0000 0.0831
82.0000 0.0781
83.0000 0.0733
84.0000 0.0685
85.0000 0.0638
86.0000 0.0592
87.0000 0.0547
88.0000 0.0502
89.0000 0.0458
90.0000 0.0414
91.0000 0.0371
92.0000 0.0329
93.0000 0.0287
94.0000 0.0245
95.0000 0.0204
96.0000 0.0163
97.0000 0.0122
98.0000 0.0081
99.0000 0.0041
100.0000 0.0000
