0.0000 1.0000
1.0000 0.9698
2.0000 0.9397
3.0000 0.9096
4.0000 0.8797
5.0000 0.8500
6.0000 0.8205
7.0000 0.7912
8.0000 0.7622
9.0000 0.7335
10.0000 0.7052
11.0000 0.6774
12.0000 0.6499
13.0000 0.6229
14.0000 0.5964
15.0000 0.5705
16.0000 0.5451
17.0000 0.5202
18.0000 0.4960
19.0000 0.4724
20.0000 0.4494
21.0000 0.4271
22.0000 0.4054
23.0000 0.3844
24.0000 0.3641
25.0000 0.3444
26.0000 0.3255
27.0000 0.3073
28.0000 0.2897
29.0000 0.2728
30.0000 0.2566
31.0000 0.2411
32.0000 0.2263
33.0000 0.2121
34.0000 0.1986
35.0000 0.1858
36.0000 0.1735
37.0000 0.1619
38.0000 0.1509
39.0000 0.1404
40.0000 0.1305
41.0000 0.1212
42.0000 0.1124
43.0000 0.1041
44.0000 0.0963
45.0000 0.0890
46.0000 0.0821
47.0000 0.0757
48.0000 0.0697
49.0000 0.0641
50.0000 0.0589
51.0000 0.0540
52.0000 0.0495
53.0000 0.0452
54.0000 0.0413
55.0000 0.0377
56.0000 0.0344
57.0000 0.0313
58.0000 0.0285
59.0000 0.0259
60.0000 0.0234
61.0000 0.0212
62.0000 0.0192
63.0000 0.0174
64.0000 0.0157
65.0000 0.0141
66.0000 0.0127
67.0000 0.0114
68.0000 0.0103
69.0000 0.0092
70.0000 0.0082
71.0000 0.0074
72.0000 0.0066
73.0000 0.0059
74.0000 0.0052
75.0000 0.0047
76.0000 0.0041
77.0000 0.0037
78.0000 0.0032
79.0000 0.0029
80.0000 0.0025
81.0000 0.0022
82.0000 0.0020
83.0000 0.0017
84.0000 0.0015
85.0000 0.0013
86.0000 0.0012
87.0000 0.0010
88.0000 0.0009
89.0000 0.0008
90.0000 0.0007
91.0000 0.0006
92.0000 0.0005
93.0000 0.0004
94.0000 0.0003
95.0000 0.0003
96.0000 0.0002
97.0000 0.0002
98.0000 0.0001
99.0000 0.0000
100.0000 0.0000
