0.0000 1.0000
1.0000 0.9801
2.0000 0.9601
3.0000 0.9402
4.0000 0.9203
5.0000 0.9005
6.0000 0.8807
7.0000 0.8610
8.0000 0.8414
9.0000 0.8219
10.0000 0.8025
11.0000 0.7833
12.0000 0.7641
13.0000 0.7451
14.0000 0.7263
15.0000 0.7076
16.0000 0.6891
17.0000 0.6708
18.0000 0.6526
19.0000 0.6347
20.0000 0.6170
21.0000 0.5995
22.0000 0.5822
23.0000 0.5652
24.0000 0.5484
25.0000 0.5319
26.0000 0.5156
27.0000 0.4996
28.0000 0.4838
29.0000 0.4684
30.0000 0.4532
31.0000 0.4382
32.0000 0.4236
33.0000 0.4093
34.0000 0.3952
35.0000 0.3815
36.0000 0.3680
37.0000 0.3549
38.0000 0.3420
39.0000 0.3294
40.0000 0.3172
41.0000 0.3052
42.0000 0.2936
43.0000 0.2822
44.0000 0.2712
45.0000 0.2604
46.0000 0.2500
47.0000 0.2398
48.0000 0.2300
49.0000 0.2204
50.0000 0.2111
51.0000 0.2021
52.0000 0.1934
53.0000 0.1849
54.0000 0.1767
55.0000 0.1688
56.0000 0.1612
57.0000 0.1538
58.0000 0.1467
59.0000 0.1398
60.0000 0.1331
61.0000 0.1267
62.0000 0.1206
63.0000 0.1146
64.0000 0.1089
65.0000 0.1034
66.0000 0.0981
67.0000 0.0931
68.0000 0.0882
69.0000 0.0835
70.0000 0.0790
71.0000 0.0746
72.0000 0.0705
73.0000 0.0665
74.0000 0.0627
75.0000 0.0590
76.0000 0.0555
77.0000 0.0521
78.0000 0.0489
79.0000 0.0458
80.0000 0.0428
81.0000 0.0400
82.0000 0.0372
83.0000 0.0346
84.0000 0.0320
85.0000 0.0296
86.0000 0.0272
87.0000 0.0249
88.0000 0.0227
89.0000 0.0206
90.0000 0.0185
91.0000 0.0165
92.0000 0.0145
93.0000 0.0126
94.0000 0.0107
95.0000 0.0089
96.0000 0.0071
97.0000 0.0053
98.0000 0.0035
99.0000 0.0018
100.0000 0.0000
