0.0000 1.0000
1.0000 0.9858
2.0000 0.9717
3.0000 0.9575
4.0000 0.9434
5.0000 0.9293
6.0000 0.9152
7.0000 0.9011
8.0000 0.8871
9.0000 0.8730
10.0000 0.8591
11.0000 0.8451
12.0000 0.8313
13.0000 0.8174
14.0000 0.8036
15.0000 0.7899
16.0000 0.7762
17.0000 0.7626
18.0000 0.7491
19.0000 0.7356
20.0000 0.7223
21.0000 0.7089
22.0000 0.6957
23.0000 0.6826
24.0000 0.6695
25.0000 0.6566
26.0000 0.6437
27.0000 0.6309
28.0000 0.6182
29.0000 0.6057
30.0000 0.5932
31.0000 0.5808
32.0000 0.5686
33.0000 0.5564
34.0000 0.5444
35.0000 0.5325
36.0000 0.5207
37.0000 0.5090
38.0000 0.4975
39.0000 0.4861
40.0000 0.4748
41.0000 0.4636
42.0000 0.4525
43.0000 0.4416
44.0000 0.4308
45.0000 0.4201
46.0000 0.4096
47.0000 0.3991
48.0000 0.3889
49.0000 0.3787
50.0000 0.3687
51.0000 0.3588
52.0000 0.3490
53.0000 0.3394
54.0000 0.3299
55.0000 0.3205
56.0000 0.3112
57.0000 0.3021
58.0000 0.2931
59.0000 0.2842
60.0000 0.2754
61.0000 0.2668
62.0000 0.2583
63.0000 0.2499
64.0000 0.2416
65.0000 0.2335
66.0000 0.2254
67.0000 0.2175
68.0000 0.2096
69.0000 0.2019
70.0000 0.1943
71.0000 0.1868
72.0000 0.1794
73.0000 0.1721
74.0000 0.1648
75.0000 0.1577
76.0000 0.1507
77.0000 0.1437
78.0000 0.1369
79.0000 0.1301
80.0000 0.1234
81.0000 0.1167
82.0000 0.1102
83.0000 0.1037
84.0000 0.0972
85.0000 0.0908
86.0000 0.0845
87.0000 0.0783
88.0000 0.0721
89.0000 0.0659
90.0000 0.0598
91.0000 0.0537
92.0000 0.0476
93.0000 0.0416
94.0000 0.0356
95.0000 0.0296
96.0000 0.0237
97.0000 0.0177
98.0000 0.0118
99.0000 0.0059
100.0000 0.0000
