0.0000 1.0000
1.0000 0.9872
2.0000 0.9744
3.0000 0.9616
4.0000 0.9489
5.0000 0.9361
6.0000 0.9234
7.0000 0.9106
8.0000 0.8979
9.0000 0.8852
10.0000 0.8726
11.0000 0.8599
12.0000 0.8473
13.0000 0.8348
14.0000 0.8222
15.0000 0.8097
16.0000 0.7973
17.0000 0.7848
18.0000 0.7725
19.0000 0.7601
20.0000 0.7479
21.0000 0.7356
22.0000 0.7235
23.0000 0.7113
24.0000 0.6993
25.0000 0.6873
26.0000 0.6753
27.0000 0.6635
28.0000 0.6517
29.0000 0.6399
30.0000 0.6283
31.0000 0.6167
32.0000 0.6051
33.0000 0.5937
34.0000 0.5823
35.0000 0.5710
36.0000 0.5598
37.0000 0.5487
38.0000 0.5376
39.0000 0.5266
40.0000 0.5157
41.0000 0.5049
42.0000 0.4942
43.0000 0.4836
44.0000 0.4730
45.0000 0.4625
46.0000 0.4521
47.0000 0.4418
48.0000 0.4316
49.0000 0.4215
50.0000 0.4115
51.0000 0.4015
52.0000 0.3917
53.0000 0.3819
54.0000 0.3722
55.0000 0.3626
56.0000 0.3531
57.0000 0.3437
58.0000 0.3343
59.0000 0.3251
60.0000 0.3159
61.0000 0.3068
62.0000 0.2978
63.0000 0.2888
64.0000 0.2800
65.0000 0.2712
66.0000 0.2625
67.0000 0.2539
68.0000 0.2454
69.0000 0.2369
70.0000 0.2285
71.0000 0.2202
72.0000 0.2119
73.0000 0.2037
74.0000 0.1956
75.0000 0.1875
76.0000 0.1795
77.0000 0.1716
78.0000 0.1637
79.0000 0.1559
80.0000 0.1481
81.0000 0.1404
82.0000 0.1327
83.0000 0.1250
84.0000 0.1175
85.0000 0.1099
86.0000 0.1024
87.0000 0.0949
88.0000 0.0875
89.0000 0.0801
90.0000 0.0727
91.0000 0.0654
92.0000 0.0580
93.0000 0.0507
94.0000 0.0435
95.0000 0.0362
96.0000 0.0289
97.0000 0.0217
98.0000 0.0145
99.0000 0.0072
100.0000 0.0000
