0.0000 1.0000
1.0000 0.9900
2.0000 0.9800
3.0000 0.9699
4.0000 0.9599
5.0000 0.9499
6.0000 0.9399
7.0000 0.9299
8.0000 0.9198
9.0000 0.9098
10.0000 0.8998
11.0000 0.8898
12.0000 0.8798
13.0000 0.8697
14.0000 0.8597
15.0000 0.8497
16.0000 0.8397
17.0000 0.8297
18.0000 0.8197
19.0000 0.8096
20.0000 0.7996
21.0000 0.7896
22.0000 0.7796
23.0000 0.7696
24.0000 0.7596
25.0000 0.7495
26.0000 0.7395
27.0000 0.7295
28.0000 0.7195
29.0000 0.7095
30.0000 0.6995
31.0000 0.6895
32.0000 0.6795
33.0000 0.6695
34.0000 0.6594
35.0000 0.6494
36.0000 0.6394
37.0000 0.6294
38.0000 0.6194
39.0000 0.6094
40.0000 0.5994
41.0000 0.5894
42.0000 0.5794
43.0000 0.5694
44.0000 0.5594
45.0000 0.5494
46.0000 0.5394
47.0000 0.5294
48.0000 0.5194
49.0000 0.5094
50.0000 0.4994
51.0000 0.4894
52.0000 0.4794
53.0000 0.4694
54.0000 0.4594
55.0000 0.4494
56.0000 0.4394
57.0000 0.4294
58.0000 0.4194
59.0000 0.4094
60.0000 0.3994
61.0000 0.3894
62.0000 0.3794
63.0000 0.3694
64.0000 0.3594
65.0000 0.3494
66.0000 0.3394
67.0000 0.3295
68.0000 0.3195
69.0000 0.3095
70.0000 0.2995
71.0000 0.2895
72.0000 0.2795
73.0000 0.2695
74.0000 0.2595
75.0000 0.2495
76.0000 0.2396
77.0000 0.2296
78.0000 0.2196
79.0000 0.2096
80.0000 0.1996
81.0000 0.1896
82.0000 0.1797
83.0000 0.1697
84.0000 0.1597
85.0000 0.1497
86.0000 0.1397
87.0000 0.1297
88.0000 0.1198
89.0000 0.1098
90.0000 0.0998
91.0000 0.0898
92.0000 0.0798
93.0000 0.0699
94.0000 0.0599
95.0000 0.0499
96.0000 0.0399
97.0000 0.0299
98.0000 0.0200
99.0000 0.0100
100.0000 0.0000
