0.0000 1.0000
1.0000 0.9539
2.0000 0.9080
3.0000 0.8624
4.0000 0.8172
5.0000 0.7726
6.0000 0.7288
7.0000 0.6859
8.0000 0.6439
9.0000 0.6030
10.0000 0.5634
11.0000 0.5251
12.0000 0.4881
13.0000 0.4526
14.0000 0.4186
15.0000 0.3862
16.0000 0.3553
17.0000 0.3261
18.0000 0.2985
19.0000 0.2725
20.0000 0.2480
21.0000 0.2252
22.0000 0.2039
23.0000 0.1841
24.0000 0.1658
25.0000 0.1489
26.0000 0.1333
27.0000 0.1191
28.0000 0.1060
29.0000 0.0941
30.0000 0.0834
31.0000 0.0736
32.0000 0.0648
33.0000 0.0569
34.0000 0.0498
35.0000 0.0435
36.0000 0.0378
37.0000 0.0328
38.0000 0.0284
39.0000 0.0245
40.0000 0.0211
41.0000 0.0181
42.0000 0.0155
43.0000 0.0132
44.0000 0.0112
45.0000 0.0095
46.0000 0.0080
47.0000 0.0068
48.0000 0.0057
49.0000 0.0048
50.0000 0.0040
51.0000 0.0033
52.0000 0.0027
53.0000 0.0023
54.0000 0.0019
55.0000 0.0015
56.0000 0.0013
57.0000 0.0010
58.0000 0.0008
59.0000 0.0007
60.0000 0.0006
61.0000 0.0005
62.0000 0.0004
63.0000 0.0003
64.0000 0.0002
65.0000 0.0002
66.0000 0.0001
67.0000 0.0001
68.0000 0.0001
69.0000 0.0001
70.0000 0.0001
71.0000 0.0000
72.0000 0.0000
73.0000 0.0000
74.0000 0.0000
75.0000 0.0000
76.0000 0.0000
77.0000 0.0000
78.0000 0.0000
79.0000 0.0000
80.0000 0.0000
81.0000 0.0000
82.0000 0.0000
83.0000 0.0000
84.0000 0.0000
85.0000 0.0000
86.0000 0.0000
87.0000 0.0000
88.0000 0.0000
89.0000 0.0000
90.0000 0.0000
91.0000 0.0000
92.0000 0.0000
93.0000 0.0000
94.0000 0.0000
95.0000 0.0000
96.0000 0.0000
97.0000 0.0000
98.0000 0.0000
99.0000 0.0000
100.0000 0.0000
