0.0000 1.0000
1.0000 0.9106
2.0000 0.8223
3.0000 0.7363
4.0000 0.6535
5.0000 0.5747
6.0000 0.5008
7.0000 0.4324
8.0000 0.3697
9.0000 0.3131
10.0000 0.2626
11.0000 0.2180
12.0000 0.1793
13.0000 0.1459
14.0000 0.1176
15.0000 0.0938
16.0000 0.0740
17.0000 0.0579
18.0000 0.0448
19.0000 0.0343
20.0000 0.0260
21.0000 0.0195
22.0000 0.0145
23.0000 0.0107
24.0000 0.0078
25.0000 0.0056
26.0000 0.0040
27.0000 0.0028
28.0000 0.0020
29.0000 0.0014
30.0000 0.0009
31.0000 0.0006
32.0000 0.0004
33.0000 0.0003
34.0000 0.0002
35.0000 0.0001
36.0000 0.0001
37.0000 0.0001
38.0000 0.0000
39.0000 0.0000
40.0000 0.0000
41.0000 0.0000
42.0000 0.0000
43.0000 0.0000
44.0000 0.0000
45.0000 0.0000
46.0000 0.0000
47.0000 0.0000
48.0000 0.0000
49.0000 0.0000
50.0000 0.0000
51.0000 0.0000
52.0000 0.0000
53.0000 0.0000
54.0000 0.0000
55.0000 0.0000
56.0000 0.0000
57.0000 0.0000
58.0000 0.0000
59.0000 0.0000
60.0000 0.0000
61.0000 0.0000
62.0000 0.0000
63.0000 0.0000
64.0000 0.0000
65.0000 0.0000
66.0000 0.0000
67.0000 0.0000
68.0000 0.0000
69.0000 0.0000
70.0000 0.0000
71.0000 0.0000
72.0000 0.0000
73.0000 0.0000
74.0000 0.0000
75.0000 0.0000
76.0000 0.0000
77.0000 0.0000
78.0000 0.0000
79.0000 0.0000
80.0000 0.0000
81.0000 0.0000
82.0000 0.0000
83.0000 0.0000
84.0000 0.0000
85.0000 0.0000
86.0000 0.0000
87.0000 0.0000
88.0000 0.0000
89.0000 0.0000
90.0000 0.0000
91.0000 0.0000
92.0000 0.0000
93.0000 0.0000
94.0000 0.0000
95.0000 0.0000
96.0000 0.0000
97.0000 0.0000
98.0000 0.0000
99.0000 0.0000
100.0000 0.0000
