0.0000 1.0000
1.0000 0.9866
2.0000 0.9732
3.0000 0.9598
4.0000 0.9464
5.0000 0.9331
6.0000 0.9197
7.0000 0.9064
8.0000 0.8931
9.0000 0.8798
10.0000 0.8665
11.0000 0.8533
12.0000 0.8401
13.0000 0.8270
14.0000 0.8139
15.0000 0.8008
16.0000 0.7878
17.0000 0.7749
18.0000 0.7620
19.0000 0.7491
20.0000 0.7364
21.0000 0.7237
22.0000 0.7110
23.0000 0.6984
24.0000 0.6859
25.0000 0.6735
26.0000 0.6611
27.0000 0.6489
28.0000 0.6367
29.0000 0.6245
30.0000 0.6125
31.0000 0.6006
32.0000 0.5887
33.0000 0.5770
34.0000 0.5653
35.0000 0.5537
36.0000 0.5422
37.0000 0.5309
38.0000 0.5196
39.0000 0.5084
40.0000 0.4973
41.0000 0.4863
42.0000 0.4754
43.0000 0.4647
44.0000 0.4540
45.0000 0.4434
46.0000 0.4330
47.0000 0.4226
48.0000 0.4124
49.0000 0.4022
50.0000 0.3922
51.0000 0.3822
52.0000 0.3724
53.0000 0.3627
54.0000 0.3531
55.0000 0.3436
56.0000 0.3342
57.0000 0.3249
58.0000 0.3157
59.0000 0.3066
60.0000 0.2976
61.0000 0.2887
62.0000 0.2799
63.0000 0.2712
64.0000 0.2626
65.0000 0.2541
66.0000 0.2457
67.0000 0.2374
68.0000 0.2292
69.0000 0.2211
70.0000 0.2130
71.0000 0.2051
72.0000 0.1972
73.0000 0.1894
74.0000 0.1817
75.0000 0.1740
76.0000 0.1665
77.0000 0.1590
78.0000 0.1515
79.0000 0.1442
80.0000 0.1369
81.0000 0.1296
82.0000 0.1225
83.0000 0.1153
84.0000 0.1083
85.0000 0.1013
86.0000 0.0943
87.0000 0.0874
88.0000 0.0805
89.0000 0.0736
90.0000 0.0668
91.0000 0.0601
92.0000 0.0533
93.0000 0.0466
94.0000 0.0399
95.0000 0.0332
96.0000 0.0266
97.0000 0.0199
98.0000 0.0133
99.0000 0.0066
100.0000 0.0000
