0.0000 1.0000
1.0000 0.9436
2.0000 0.8874
3.0000 0.8318
4.0000 0.7771
5.0000 0.7234
6.0000 0.6711
7.0000 0.6203
8.0000 0.5713
9.0000 0.5242
10.0000 0.4792
11.0000 0.4364
12.0000 0.3958
13.0000 0.3577
14.0000 0.3220
15.0000 0.2886
16.0000 0.2577
17.0000 0.2292
18.0000 0.2030
19.0000 0.1791
20.0000 0.1573
21.0000 0.1376
22.0000 0.1199
23.0000 0.1040
24.0000 0.0898
25.0000 0.0772
26.0000 0.0662
27.0000 0.0564
28.0000 0.0479
29.0000 0.0405
30.0000 0.0341
31.0000 0.0286
32.0000 0.0238
33.0000 0.0198
34.0000 0.0164
35.0000 0.0135
36.0000 0.0111
37.0000 0.0090
38.0000 0.0073
39.0000 0.0059
40.0000 0.0048
41.0000 0.0038
42.0000 0.0031
43.0000 0.0024
44.0000 0.0019
45.0000 0.0015
46.0000 0.0012
47.0000 0.0009
48.0000 0.0007
49.0000 0.0006
50.0000 0.0004
51.0000 0.0003
52.0000 0.0003
53.0000 0.0002
54.0000 0.0001
55.0000 0.0001
56.0000 0.0001
57.0000 0.0001
58.0000 0.0000
59.0000 0.0000
60.0000 0.0000
61.0000 0.0000
62.0000 0.0000
63.0000 0.0000
64.0000 0.0000
65.0000 0.0000
66.0000 0.0000
67.0000 0.0000
68.0000 0.0000
69.0000 0.0000
70.0000 0.0000
71.0000 0.0000
72.0000 0.0000
73.0000 0.0000
74.0000 0.0000
75.0000 0.0000
76.0000 0.0000
77.0000 0.0000
78.0000 0.0000
79.0000 0.0000
80.0000 0.0000
81.0000 0.0000
82.0000 0.0000
83.0000 0.0000
84.0000 0.0000
85.0000 0.0000
86.0000 0.0000
87.0000 0.0000
88.0000 0.0000
89.0000 0.0000
90.0000 0.0000
91.0000 0.0000
92.0000 0.0000
93.0000 0.0000
94.0000 0.0000
95.0000 0.0000
96.0000 0.0000
97.0000 0.0000
98.0000 0.0000
99.0000 0.0000
100.0000 0.0000
