0.0000 1.0000
1.0000 0.9324
2.0000 0.8652
3.0000 0.7991
4.0000 0.7343
5.0000 0.6714
6.0000 0.6108
7.0000 0.5527
8.0000 0.4975
9.0000 0.4454
10.0000 0.3966
11.0000 0.3512
12.0000 0.3093
13.0000 0.2709
14.0000 0.2359
15.0000 0.2042
16.0000 0.1758
17.0000 0.1504
18.0000 0.1280
19.0000 0.1083
20.0000 0.0911
21.0000 0.0762
22.0000 0.0633
23.0000 0.0523
24.0000 0.0430
25.0000 0.0351
26.0000 0.0285
27.0000 0.0230
28.0000 0.0185
29.0000 0.0147
30.0000 0.0117
31.0000 0.0092
32.0000 0.0072
33.0000 0.0056
34.0000 0.0044
35.0000 0.0034
36.0000 0.0026
37.0000 0.0020
38.0000 0.0015
39.0000 0.0011
40.0000 0.0008
41.0000 0.0006
42.0000 0.0005
43.0000 0.0003
44.0000 0.0003
45.0000 0.0002
46.0000 0.0001
47.0000 0.0001
48.0000 0.0001
49.0000 0.0000
50.0000 0.0000
51.0000 0.0000
52.0000 0.0000
53.0000 0.0000
54.0000 0.0000
55.0000 0.0000
56.0000 0.0000
57.0000 0.0000
58.0000 0.0000
59.0000 0.0000
60.0000 0.0000
61.0000 0.0000
62.0000 0.0000
63.0000 0.0000
64.0000 0.0000
65.0000 0.0000
66.0000 0.0000
67.0000 0.0000
68.0000 0.0000
69.0000 0.0000
70.0000 0.0000
71.0000 0.0000
72.0000 0.0000
73.0000 0.0000
74.0000 0.0000
75.0000 0.0000
76.0000 0.0000
77.0000 0.0000
78.0000 0.0000
79.0000 0.0000
80.0000 0.0000
81.0000 0.0000
82.0000 0.0000
83.0000 0.0000
84.0000 0.0000
85.0000 0.0000
86.0000 0.0000
87.0000 0.0000
88.0000 0.0000
89.0000 0.0000
90.0000 0.0000
91.0000 0.0000
92.0000 0.0000
93.0000 0.0000
94.0000 0.0000
95.0000 0.0000
96.0000 0.0000
97.0000 0.0000
98.0000 0.0000
99.0000 0.0000
100.0000 0.0000
