0.0000 1.0000
1.0000 0.9900
2.0000 0.9800
3.0000 0.9700
4.0000 0.9600
5.0000 0.9500
6.0000 0.9400
7.0000 0.9299
8.0000 0.9199
9.0000 0.9099
10.0000 0.8999
11.0000 0.8899
12.0000 0.8799
13.0000 0.8699
14.0000 0.8599
15.0000 0.8499
16.0000 0.8399
17.0000 0.8299
18.0000 0.8199
19.0000 0.8099
20.0000 0.7999
21.0000 0.7899
22.0000 0.7798
23.0000 0.7698
24.0000 0.7598
25.0000 0.7498
26.0000 0.7398
27.0000 0.7298
28.0000 0.7198
29.0000 0.7098
30.0000 0.6998
31.0000 0.6898
32.0000 0.6798
33.0000 0.6698
34.0000 0.6598
35.0000 0.6498
36.0000 0.6398
37.0000 0.6298
38.0000 0.6198
39.0000 0.6098
40.0000 0.5998
41.0000 0.5898
42.0000 0.5798
43.0000 0.5698
44.0000 0.5598
45.0000 0.5498
46.0000 0.5398
47.0000 0.5298
48.0000 0.5198
49.0000 0.5098
50.0000 0.4998
51.0000 0.4898
52.0000 0.4798
53.0000 0.4698
54.0000 0.4598
55.0000 0.4498
56.0000 0.4398
57.0000 0.4298
58.0000 0.4198
59.0000 0.4098
60.0000 0.3998
61.0000 0.3898
62.0000 0.3798
63.0000 0.3698
64.0000 0.3598
65.0000 0.3498
66.0000 0.3398
67.0000 0.3298
68.0000 0.3198
69.0000 0.3098
70.0000 0.2998
71.0000 0.2898
72.0000 0.2798
73.0000 0.2698
74.0000 0.2598
75.0000 0.2498
76.0000 0.2398
77.0000 0.2298
78.0000 0.2198
79.0000 0.2099
80.0000 0.1999
81.0000 0.1899
82.0000 0.1799
83.0000 0.1699
84.0000 0.1599
85.0000 0.1499
86.0000 0.1399
87.0000 0.1299
88.0000 0.1199
89.0000 0.1099
90.0000 0.0999
91.0000 0.0899
92.0000 0.0799
93.0000 0.0699
94.0000 0.0600
95.0000 0.0500
96.0000 0.0400
97.0000 0.0300
98.0000 0.0200
99.0000 0.0100
100.0000 0.0000
