0.0000 1.0000
1.0000 0.9674
2.0000 0.9349
3.0000 0.9024
4.0000 0.8702
5.0000 0.8381
6.0000 0.8063
7.0000 0.7749
8.0000 0.7438
9.0000 0.7131
10.0000 0.6829
11.0000 0.6531
12.0000 0.6239
13.0000 0.5953
14.0000 0.5674
15.0000 0.5400
16.0000 0.5133
17.0000 0.4874
18.0000 0.4621
19.0000 0.4377
20.0000 0.4139
21.0000 0.3910
22.0000 0.3688
23.0000 0.3475
24.0000 0.3269
25.0000 0.3072
26.0000 0.2883
27.0000 0.2701
28.0000 0.2528
29.0000 0.2363
30.0000 0.2205
31.0000 0.2055
32.0000 0.1913
33.0000 0.1778
34.0000 0.1650
35.0000 0.1530
36.0000 0.1416
37.0000 0.1309
38.0000 0.1208
39.0000 0.1113
40.0000 0.1025
41.0000 0.0942
42.0000 0.0864
43.0000 0.0792
44.0000 0.0725
45.0000 0.0663
46.0000 0.0605
47.0000 0.0551
48.0000 0.0501
49.0000 0.0456
50.0000 0.0413
51.0000 0.0374
52.0000 0.0339
53.0000 0.0306
54.0000 0.0276
55.0000 0.0249
56.0000 0.0224
57.0000 0.0201
58.0000 0.0180
59.0000 0.0161
60.0000 0.0144
61.0000 0.0129
62.0000 0.0115
63.0000 0.0102
64.0000 0.0091
65.0000 0.0081
66.0000 0.0071
67.0000 0.0063
68.0000 0.0056
69.0000 0.0049
70.0000 0.0043
71.0000 0.0038
72.0000 0.0033
73.0000 0.0029
74.0000 0.0026
75.0000 0.0022
76.0000 0.0020
77.0000 0.0017
78.0000 0.0015
79.0000 0.0013
80.0000 0.0011
81.0000 0.0010
82.0000 0.0008
83.0000 0.0007
84.0000 0.0006
85.0000 0.0005
86.0000 0.0005
87.0000 0.0004
88.0000 0.0003
89.0000 0.0003
90.0000 0.0002
91.0000 0.0002
92.0000 0.0002
93.0000 0.0001
94.0000 0.0001
95.0000 0.0001
96.0000 0.0001
97.0000 0.0001
98.0000 0.0000
99.0000 0.0000
100.0000 0.0000
