0.0000 1.0000
1.0000 0.9270
2.0000 0.8545
3.0000 0.7833
4.0000 0.7139
5.0000 0.6468
6.0000 0.5825
7.0000 0.5214
8.0000 0.4638
9.0000 0.4099
10.0000 0.3600
11.0000 0.3141
12.0000 0.2723
13.0000 0.2345
14.0000 0.2006
15.0000 0.1704
16.0000 0.1439
17.0000 0.1206
18.0000 0.1004
19.0000 0.0831
20.0000 0.0682
21.0000 0.0557
22.0000 0.0451
23.0000 0.0363
24.0000 0.0290
25.0000 0.0230
26.0000 0.0182
27.0000 0.0142
28.0000 0.0111
29.0000 0.0086
30.0000 0.0066
31.0000 0.0050
32.0000 0.0038
33.0000 0.0029
34.0000 0.0021
35.0000 0.0016
36.0000 0.0012
37.0000 0.0009
38.0000 0.0006
39.0000 0.0005
40.0000 0.0003
41.0000 0.0002
42.0000 0.0002
43.0000 0.0001
44.0000 0.0001
45.0000 0.0001
46.0000 0.0000
47.0000 0.0000
48.0000 0.0000
49.0000 0.0000
50.0000 0.0000
51.0000 0.0000
52.0000 0.0000
53.0000 0.0000
54.0000 0.0000
55.0000 0.0000
56.0000 0.0000
57.0000 0.0000
58.0000 0.0000
59.0000 0.0000
60.0000 0.0000
61.0000 0.0000
62.0000 0.0000
63.0000 0.0000
64.0000 0.0000
65.0000 0.0000
66.0000 0.0000
67.0000 0.0000
68.0000 0.0000
69.0000 0.0000
70.0000 0.0000
71.0000 0.0000
72.0000 0.0000
73.0000 0.0000
74.0000 0.0000
75.0000 0.0000
76.0000 0.0000
77.0000 0.0000
78.0000 0.0000
79.0000 0.0000
80.0000 0.0000
81.0000 0.0000
82.0000 0.0000
83.0000 0.0000
84.0000 0.0000
85.0000 0.0000
86.0000 0.0000
87.0000 0.0000
88.0000 0.0000
89.0000 0.0000
90.0000 0.0000
91.0000 0.0000
92.0000 0.0000
93.0000 0.0000
94.0000 0.0000
95.0000 0.0000
96.0000 0.0000
97.0000 0.0000
98.0000 0.0000
99.0000 0.0000
100.0000 0.0000
