0.0000 1.0000
1.0000 0.9718
2.0000 0.9436
3.0000 0.9155
4.0000 0.8874
5.0000 0.8596
6.0000 0.8319
7.0000 0.8044
8.0000 0.7771
9.0000 0.7501
10.0000 0.7235
11.0000 0.6971
12.0000 0.6711
13.0000 0.6455
14.0000 0.6204
15.0000 0.5956
16.0000 0.5713
17.0000 0.5475
18.0000 0.5242
19.0000 0.5015
20.0000 0.4792
21.0000 0.4575
22.0000 0.4364
23.0000 0.4158
24.0000 0.3959
25.0000 0.3765
26.0000 0.3577
27.0000 0.3395
28.0000 0.3220
29.0000 0.3050
30.0000 0.2886
31.0000 0.2729
32.0000 0.2577
33.0000 0.2431
34.0000 0.2292
35.0000 0.2158
36.0000 0.2030
37.0000 0.1907
38.0000 0.1790
39.0000 0.1678
40.0000 0.1572
41.0000 0.1471
42.0000 0.1375
43.0000 0.1284
44.0000 0.1198
45.0000 0.1116
46.0000 0.1039
47.0000 0.0966
48.0000 0.0897
49.0000 0.0832
50.0000 0.0771
51.0000 0.0714
52.0000 0.0661
53.0000 0.0610
54.0000 0.0563
55.0000 0.0519
56.0000 0.0478
57.0000 0.0440
58.0000 0.0404
59.0000 0.0371
60.0000 0.0340
61.0000 0.0311
62.0000 0.0285
63.0000 0.0260
64.0000 0.0238
65.0000 0.0217
66.0000 0.0197
67.0000 0.0179
68.0000 0.0163
69.0000 0.0148
70.0000 0.0134
71.0000 0.0122
72.0000 0.0110
73.0000 0.0099
74.0000 0.0090
75.0000 0.0081
76.0000 0.0073
77.0000 0.0065
78.0000 0.0059
79.0000 0.0053
80.0000 0.0047
81.0000 0.0042
82.0000 0.0038
83.0000 0.0034
84.0000 0.0030
85.0000 0.0027
86.0000 0.0023
87.0000 0.0021
88.0000 0.0018
89.0000 0.0016
90.0000 0.0014
91.0000 0.0012
92.0000 0.0010
93.0000 0.0009
94.0000 0.0007
95.0000 0.0006
96.0000 0.0005
97.0000 0.0003
98.0000 0.0002
99.0000 0.0001
100.0000 0.0000
