0.0000 1.0000
1.0000 0.9849
2.0000 0.9698
3.0000 0.9547
4.0000 0.9396
5.0000 0.9246
6.0000 0.9096
7.0000 0.8946
8.0000 0.8796
9.0000 0.8647
10.0000 0.8498
11.0000 0.8350
12.0000 0.8202
13.0000 0.8055
14.0000 0.7909
15.0000 0.7763
16.0000 0.7619
17.0000 0.7475
18.0000 0.7331
19.0000 0.7189
20.0000 0.7048
21.0000 0.6907
22.0000 0.6768
23.0000 0.6629
24.0000 0.6492
25.0000 0.6356
26.0000 0.6221
27.0000 0.6087
28.0000 0.5955
29.0000 0.5824
30.0000 0.5694
31.0000 0.5565
32.0000 0.5438
33.0000 0.5312
34.0000 0.5187
35.0000 0.5064
36.0000 0.4943
37.0000 0.4823
38.0000 0.4704
39.0000 0.4587
40.0000 0.4471
41.0000 0.4357
42.0000 0.4244
43.0000 0.4133
44.0000 0.4024
45.0000 0.3916
46.0000 0.3810
47.0000 0.3705
48.0000 0.3602
49.0000 0.3500
50.0000 0.3400
51.0000 0.3302
52.0000 0.3205
53.0000 0.3110
54.0000 0.3016
55.0000 0.2924
56.0000 0.2833
57.0000 0.2744
58.0000 0.2657
59.0000 0.2571
60.0000 0.2486
61.0000 0.2403
62.0000 0.2321
63.0000 0.2241
64.0000 0.2162
65.0000 0.2085
66.0000 0.2009
67.0000 0.1934
68.0000 0.1861
69.0000 0.1789
70.0000 0.1718
71.0000 0.1648
72.0000 0.1580
73.0000 0.1513
74.0000 0.1447
75.0000 0.1382
76.0000 0.1318
77.0000 0.1255
78.0000 0.1193
79.0000 0.1132
80.0000 0.1072
81.0000 0.1013
82.0000 0.0954
83.0000 0.0897
84.0000 0.0840
85.0000 0.0784
86.0000 0.0729
87.0000 0.0674
88.0000 0.0620
89.0000 0.0566
90.0000 0.0513
91.0000 0.0461
92.0000 0.0408
93.0000 0.0356
94.0000 0.0305
95.0000 0.0254
96.0000 0.0203
97.0000 0.0152
98.0000 0.0101
99.0000 0.0051
100.0000 0.0000
