0.0000 1.0000
1.0000 0.9601
2.0000 0.9203
3.0000 0.8807
4.0000 0.8413
5.0000 0.8024
6.0000 0.7640
7.0000 0.7261
8.0000 0.6889
9.0000 0.6525
10.0000 0.6168
11.0000 0.5820
12.0000 0.5482
13.0000 0.5154
14.0000 0.4836
15.0000 0.4530
16.0000 0.4234
17.0000 0.3950
18.0000 0.3678
19.0000 0.3419
20.0000 0.3171
21.0000 0.2935
22.0000 0.2711
23.0000 0.2500
24.0000 0.2300
25.0000 0.2112
26.0000 0.1935
27.0000 0.1769
28.0000 0.1614
29.0000 0.1470
30.0000 0.1336
31.0000 0.1211
32.0000 0.1096
33.0000 0.0990
34.0000 0.0892
35.0000 0.0802
36.0000 0.0719
37.0000 0.0644
38.0000 0.0575
39.0000 0.0513
40.0000 0.0456
41.0000 0.0405
42.0000 0.0359
43.0000 0.0317
44.0000 0.0279
45.0000 0.0246
46.0000 0.0216
47.0000 0.0189
48.0000 0.0165
49.0000 0.0144
50.0000 0.0125
51.0000 0.0109
52.0000 0.0094
53.0000 0.0082
54.0000 0.0070
55.0000 0.0061
56.0000 0.0052
57.0000 0.0045
58.0000 0.0038
59.0000 0.0032
60.0000 0.0028
61.0000 0.0023
62.0000 0.0020
63.0000 0.0017
64.0000 0.0014
65.0000 0.0012
66.0000 0.0010
67.0000 0.0008
68.0000 0.0007
69.0000 0.0006
70.0000 0.0005
71.0000 0.0004
72.0000 0.0003
73.0000 0.0003
74.0000 0.0002
75.0000 0.0002
76.0000 0.0002
77.0000 0.0001
78.0000 0.0001
79.0000 0.0001
80.0000 0.0001
81.0000 0.0001
82.0000 0.0000
83.0000 0.0000
84.0000 0.0000
85.0000 0.0000
86.0000 0.0000
87.0000 0.0000
88.0000 0.0000
89.0000 0.0000
90.0000 0.0000
91.0000 0.0000
92.0000 0.0000
93.0000 0.0000
94.0000 0.0000
95.0000 0.0000
96.0000 0.0000
97.0000 0.0000
98.0000 0.0000
99.0000 0.0000
100.0000 0.0000
