0.0000 1.0000
1.0000 0.9734
2.0000 0.9468
3.0000 0.9203
4.0000 0.8938
5.0000 0.8675
6.0000 0.8414
7.0000 0.8154
8.0000 0.7896
9.0000 0.7640
10.0000 0.7387
11.0000 0.7137
12.0000 0.6889
13.0000 0.6645
14.0000 0.6405
15.0000 0.6168
16.0000 0.5935
17.0000 0.5707
18.0000 0.5482
19.0000 0.5262
20.0000 0.5047
21.0000 0.4836
22.0000 0.4631
23.0000 0.4430
24.0000 0.4234
25.0000 0.4044
26.0000 0.3859
27.0000 0.3679
28.0000 0.3504
29.0000 0.3335
30.0000 0.3171
31.0000 0.3012
32.0000 0.2859
33.0000 0.2711
34.0000 0.2569
35.0000 0.2432
36.0000 0.2300
37.0000 0.2173
38.0000 0.2051
39.0000 0.1935
40.0000 0.1823
41.0000 0.1716
42.0000 0.1614
43.0000 0.1517
44.0000 0.1424
45.0000 0.1336
46.0000 0.1252
47.0000 0.1172
48.0000 0.1096
49.0000 0.1024
50.0000 0.0956
51.0000 0.0891
52.0000 0.0831
53.0000 0.0773
54.0000 0.0719
55.0000 0.0668
56.0000 0.0620
57.0000 0.0575
58.0000 0.0533
59.0000 0.0493
60.0000 0.0456
61.0000 0.0421
62.0000 0.0389
63.0000 0.0358
64.0000 0.0330
65.0000 0.0304
66.0000 0.0279
67.0000 0.0256
68.0000 0.0235
69.0000 0.0215
70.0000 0.0197
71.0000 0.0180
72.0000 0.0165
73.0000 0.0150
74.0000 0.0137
75.0000 0.0125
76.0000 0.0113
77.0000 0.0103
78.0000 0.0094
79.0000 0.0085
80.0000 0.0077
81.0000 0.0069
82.0000 0.0063
83.0000 0.0056
84.0000 0.0051
85.0000 0.0045
86.0000 0.0041
87.0000 0.0036
88.0000 0.0032
89.0000 0.0028
90.0000 0.0025
91.0000 0.0022
92.0000 0.0019
93.0000 0.0016
94.0000 0.0013
95.0000 0.0011
96.0000 0.0009
97.0000 0.0006
98.0000 0.0004
99.0000 0.0002
100.0000 0.0000
