0.0000 1.0000
1.0000 0.9896
2.0000 0.9792
3.0000 0.9688
4.0000 0.9585
5.0000 0.9481
6.0000 0.9377
7.0000 0.9273
8.0000 0.9169
9.0000 0.9066
10.0000 0.8962
11.0000 0.8858
12.0000 0.8755
13.0000 0.8651
14.0000 0.8548
15.0000 0.8444
16.0000 0.8341
17.0000 0.8237
18.0000 0.8134
19.0000 0.8031
20.0000 0.7928
21.0000 0.7825
22.0000 0.7722
23.0000 0.7619
24.0000 0.7516
25.0000 0.7413
26.0000 0.7310
27.0000 0.7208
28.0000 0.7105
29.0000 0.7003
30.0000 0.6901
31.0000 0.6798
32.0000 0.6696
33.0000 0.6594
34.0000 0.6492
35.0000 0.6390
36.0000 0.6289
37.0000 0.6187
38.0000 0.6086
39.0000 0.5984
40.0000 0.5883
41.0000 0.5782
42.0000 0.5681
43.0000 0.5580
44.0000 0.5479
45.0000 0.5379
46.0000 0.5278
47.0000 0.5178
48.0000 0.5077
49.0000 0.4977
50.0000 0.4877
51.0000 0.4777
52.0000 0.4677
53.0000 0.4578
54.0000 0.4478
55.0000 0.4379
56.0000 0.4279
57.0000 0.4180
58.0000 0.4081
59.0000 0.3982
60.0000 0.3883
61.0000 0.3784
62.0000 0.3686
63.0000 0.3587
64.0000 0.3489
65.0000 0.3390
66.0000 0.3292
67.0000 0.3194
68.0000 0.3096
69.0000 0.2998
70.0000 0.2901
71.0000 0.2803
72.0000 0.2705
73.0000 0.2608
74.0000 0.2510
75.0000 0.2413
76.0000 0.2316
77.0000 0.2219
78.0000 0.2122
79.0000 0.2025
80.0000 0.1928
81.0000 0.1831
82.0000 0.1734
83.0000 0.1637
84.0000 0.1541
85.0000 0.1444
86.0000 0.1348
87.0000 0.1251
88.0000 0.1155
89.0000 0.1058
90.0000 0.0962
91.0000 0.0866
92.0000 0.0769
93.0000 0.0673
94.0000 0.0577
95.0000 0.0481
96.0000 0.0385
97.0000 0.0288
98.0000 0.0192
99.0000 0.0096
100.0000 0.0000
