0.0000 1.0000
1.0000 0.9900
2.0000 0.9800
3.0000 0.9700
4.0000 0.9600
5.0000 0.9500
6.0000 0.9400
7.0000 0.9300
8.0000 0.9200
9.0000 0.9100
10.0000 0.9000
11.0000 0.8900
12.0000 0.8800
13.0000 0.8700
14.0000 0.8600
15.0000 0.8500
16.0000 0.8400
17.0000 0.8300
18.0000 0.8200
19.0000 0.8100
20.0000 0.7999
21.0000 0.7899
22.0000 0.7799
23.0000 0.7699
24.0000 0.7599
25.0000 0.7499
26.0000 0.7399
27.0000 0.7299
28.0000 0.7199
29.0000 0.7099
30.0000 0.6999
31.0000 0.6899
32.0000 0.6799
33.0000 0.6699
34.0000 0.6599
35.0000 0.6499
36.0000 0.6399
37.0000 0.6299
38.0000 0.6199
39.0000 0.6099
40.0000 0.5999
41.0000 0.5899
42.0000 0.5799
43.0000 0.5699
44.0000 0.5599
45.0000 0.5499
46.0000 0.5399
47.0000 0.5299
48.0000 0.5199
49.0000 0.5099
50.0000 0.4999
51.0000 0.4899
52.0000 0.4799
53.0000 0.4699
54.0000 0.4599
55.0000 0.4499
56.0000 0.4399
57.0000 0.4299
58.0000 0.4199
59.0000 0.4099
60.0000 0.3999
61.0000 0.3899
62.0000 0.3799
63.0000 0.3699
64.0000 0.3599
65.0000 0.3499
66.0000 0.3399
67.0000 0.3299
68.0000 0.3199
69.0000 0.3099
70.0000 0.2999
71.0000 0.2899
72.0000 0.2799
73.0000 0.2699
74.0000 0.2599
75.0000 0.2499
76.0000 0.2399
77.0000 0.2299
78.0000 0.2199
79.0000 0.2099
80.0000 0.1999
81.0000 0.1900
82.0000 0.1800
83.0000 0.1700
84.0000 0.1600
85.0000 0.1500
86.0000 0.1400
87.0000 0.1300
88.0000 0.1200
89.0000 0.1100
90.0000 0.1000
91.0000 0.0900
92.0000 0.0800
93.0000 0.0700
94.0000 0.0600
95.0000 0.0500
96.0000 0.0400
97.0000 0.0300
98.0000 0.0200
99.0000 0.0100
100.0000 0.0000
