0.0000 1.0000
1.0000 0.9748
2.0000 0.9495
3.0000 0.9244
4.0000 0.8993
5.0000 0.8743
6.0000 0.8494
7.0000 0.8247
8.0000 0.8001
9.0000 0.7758
10.0000 0.7516
11.0000 0.7278
12.0000 0.7041
13.0000 0.6808
14.0000 0.6577
15.0000 0.6350
16.0000 0.6126
17.0000 0.5906
18.0000 0.5689
19.0000 0.5477
20.0000 0.5268
21.0000 0.5064
22.0000 0.4863
23.0000 0.4667
24.0000 0.4476
25.0000 0.4289
26.0000 0.4107
27.0000 0.3929
28.0000 0.3757
29.0000 0.3588
30.0000 0.3425
31.0000 0.3267
32.0000 0.3113
33.0000 0.2965
34.0000 0.2821
35.0000 0.2682
36.0000 0.2547
37.0000 0.2418
38.0000 0.2293
39.0000 0.2173
40.0000 0.2058
41.0000 0.1947
42.0000 0.1840
43.0000 0.1738
44.0000 0.1640
45.0000 0.1546
46.0000 0.1457
47.0000 0.1371
48.0000 0.1290
49.0000 0.1212
50.0000 0.1138
51.0000 0.1068
52.0000 0.1001
53.0000 0.0937
54.0000 0.0877
55.0000 0.0820
56.0000 0.0766
57.0000 0.0715
58.0000 0.0667
59.0000 0.0621
60.0000 0.0578
61.0000 0.0538
62.0000 0.0500
63.0000 0.0464
64.0000 0.0431
65.0000 0.0399
66.0000 0.0369
67.0000 0.0342
68.0000 0.0316
69.0000 0.0292
70.0000 0.0269
71.0000 0.0248
72.0000 0.0228
73.0000 0.0210
74.0000 0.0193
75.0000 0.0177
76.0000 0.0162
77.0000 0.0149
78.0000 0.0136
79.0000 0.0124
80.0000 0.0113
81.0000 0.0103
82.0000 0.0094
83.0000 0.0085
84.0000 0.0077
85.0000 0.0070
86.0000 0.0063
87.0000 0.0056
88.0000 0.0050
89.0000 0.0045
90.0000 0.0040
91.0000 0.0035
92.0000 0.0030
93.0000 0.0026
94.0000 0.0022
95.0000 0.0018
96.0000 0.0014
97.0000 0.0010
98.0000 0.0007
99.0000 0.0003
100.0000 0.0000
