0.0000 1.0000
1.0000 0.9822
2.0000 0.9643
3.0000 0.9465
4.0000 0.9287
5.0000 0.9110
6.0000 0.8932
7.0000 0.8756
8.0000 0.8580
9.0000 0.8405
10.0000 0.8230
11.0000 0.8056
12.0000 0.7884
13.0000 0.7712
14.0000 0.7542
15.0000 0.7372
16.0000 0.7204
17.0000 0.7037
18.0000 0.6872
19.0000 0.6708
20.0000 0.6546
21.0000 0.6385
22.0000 0.6226
23.0000 0.6069
24.0000 0.5914
25.0000 0.5760
26.0000 0.5608
27.0000 0.5458
28.0000 0.5311
29.0000 0.5165
30.0000 0.5021
31.0000 0.4880
32.0000 0.4740
33.0000 0.4603
34.0000 0.4468
35.0000 0.4335
36.0000 0.4205
37.0000 0.4077
38.0000 0.3951
39.0000 0.3828
40.0000 0.3707
41.0000 0.3588
42.0000 0.3472
43.0000 0.3358
44.0000 0.3246
45.0000 0.3137
46.0000 0.3030
47.0000 0.2926
48.0000 0.2824
49.0000 0.2724
50.0000 0.2627
51.0000 0.2532
52.0000 0.2439
53.0000 0.2349
54.0000 0.2261
55.0000 0.2175
56.0000 0.2092
57.0000 0.2010
58.0000 0.1931
59.0000 0.1854
60.0000 0.1779
61.0000 0.1706
62.0000 0.1636
63.0000 0.1567
64.0000 0.1500
65.0000 0.1435
66.0000 0.1372
67.0000 0.1311
68.0000 0.1252
69.0000 0.1194
70.0000 0.1139
71.0000 0.1084
72.0000 0.1032
73.0000 0.0981
74.0000 0.0931
75.0000 0.0883
76.0000 0.0837
77.0000 0.0791
78.0000 0.0748
79.0000 0.0705
80.0000 0.0663
81.0000 0.0623
82.0000 0.0584
83.0000 0.0546
84.0000 0.0508
85.0000 0.0472
86.0000 0.0437
87.0000 0.0402
88.0000 0.0368
89.0000 0.0335
90.0000 0.0303
91.0000 0.0271
92.0000 0.0239
93.0000 0.0208
94.0000 0.0178
95.0000 0.0148
96.0000 0.0118
97.0000 0.0088
98.0000 0.0059
99.0000 0.0029
100.0000 0.0000
