0.0000 1.0000
1.0000 0.9872
2.0000 0.9744
3.0000 0.9617
4.0000 0.9489
5.0000 0.9361
6.0000 0.9234
7.0000 0.9107
8.0000 0.8979
9.0000 0.8853
10.0000 0.8726
11.0000 0.8600
12.0000 0.8474
13.0000 0.8348
14.0000 0.8222
15.0000 0.8097
16.0000 0.7973
17.0000 0.7849
18.0000 0.7725
19.0000 0.7602
20.0000 0.7479
21.0000 0.7357
22.0000 0.7235
23.0000 0.7114
24.0000 0.6993
25.0000 0.6873
26.0000 0.6754
27.0000 0.6635
28.0000 0.6517
29.0000 0.6400
30.0000 0.6283
31.0000 0.6167
32.0000 0.6052
33.0000 0.5938
34.0000 0.5824
35.0000 0.5711
36.0000 0.5599
37.0000 0.5487
38.0000 0.5377
39.0000 0.5267
40.0000 0.5158
41.0000 0.5050
42.0000 0.4943
43.0000 0.4836
44.0000 0.4731
45.0000 0.4626
46.0000 0.4522
47.0000 0.4419
48.0000 0.4317
49.0000 0.4216
50.0000 0.4116
51.0000 0.4016
52.0000 0.3917
53.0000 0.3820
54.0000 0.3723
55.0000 0.3627
56.0000 0.3532
57.0000 0.3437
58.0000 0.3344
59.0000 0.3251
60.0000 0.3159
61.0000 0.3069
62.0000 0.2978
63.0000 0.2889
64.0000 0.2801
65.0000 0.2713
66.0000 0.2626
67.0000 0.2540
68.0000 0.2454
69.0000 0.2370
70.0000 0.2286
71.0000 0.2202
72.0000 0.2120
73.0000 0.2038
74.0000 0.1956
75.0000 0.1876
76.0000 0.1796
77.0000 0.1716
78.0000 0.1637
79.0000 0.1559
80.0000 0.1481
81.0000 0.1404
82.0000 0.1327
83.0000 0.1251
84.0000 0.1175
85.0000 0.1099
86.0000 0.1024
87.0000 0.0950
88.0000 0.0875
89.0000 0.0801
90.0000 0.0727
91.0000 0.0654
92.0000 0.0581
93.0000 0.0508
94.0000 0.0435
95.0000 0.0362
96.0000 0.0289
97.0000 0.0217
98.0000 0.0145
99.0000 0.0072
100.0000 0.0000
