0.0000 1.0000
1.0000 0.9718
2.0000 0.9436
3.0000 0.9155
4.0000 0.8875
5.0000 0.8597
6.0000 0.8320
7.0000 0.8045
8.0000 0.7772
9.0000 0.7503
10.0000 0.7236
11.0000 0.6973
12.0000 0.6713
13.0000 0.6457
14.0000 0.6205
15.0000 0.5958
16.0000 0.5715
17.0000 0.5477
18.0000 0.5244
19.0000 0.5017
20.0000 0.4794
21.0000 0.4577
22.0000 0.4366
23.0000 0.4160
24.0000 0.3961
25.0000 0.3767
26.0000 0.3579
27.0000 0.3397
28.0000 0.3221
29.0000 0.3052
30.0000 0.2888
31.0000 0.2730
32.0000 0.2579
33.0000 0.2433
34.0000 0.2293
35.0000 0.2159
36.0000 0.2031
37.0000 0.1908
38.0000 0.1791
39.0000 0.1679
40.0000 0.1573
41.0000 0.1472
42.0000 0.1376
43.0000 0.1285
44.0000 0.1198
45.0000 0.1116
46.0000 0.1039
47.0000 0.0966
48.0000 0.0897
49.0000 0.0832
50.0000 0.0771
51.0000 0.0714
52.0000 0.0660
53.0000 0.0610
54.0000 0.0563
55.0000 0.0519
56.0000 0.0478
57.0000 0.0439
58.0000 0.0404
59.0000 0.0370
60.0000 0.0339
61.0000 0.0311
62.0000 0.0284
63.0000 0.0260
64.0000 0.0237
65.0000 0.0216
66.0000 0.0197
67.0000 0.0179
68.0000 0.0163
69.0000 0.0147
70.0000 0.0134
71.0000 0.0121
72.0000 0.0109
73.0000 0.0099
74.0000 0.0089
75.0000 0.0080
76.0000 0.0072
77.0000 0.0065
78.0000 0.0058
79.0000 0.0052
80.0000 0.0047
81.0000 0.0042
82.0000 0.0037
83.0000 0.0033
84.0000 0.0030
85.0000 0.0026
86.0000 0.0023
87.0000 0.0021
88.0000 0.0018
89.0000 0.0016
90.0000 0.0014
91.0000 0.0012
92.0000 0.0010
93.0000 0.0009
94.0000 0.0007
95.0000 0.0006
96.0000 0.0005
97.0000 0.0003
98.0000 0.0002
99.0000 0.0001
100.0000 0.0000
