0 0.250000
1 0.003000
2 0.002600
3 0.003400
4 0.003000
5 0.003800
6 0.003600
7 0.004600
8 0.007000
9 0.005800
10 0.006000
11 0.005200
12 0.006600
13 0.005000
14 0.004800
15 0.006800
16 0.007800
17 0.009000
18 0.008400
19 0.008400
20 0.008600
21 0.008600
22 0.005800
23 0.008600
24 0.010000
25 0.010600
26 0.010200
27 0.009200
28 0.009200
29 0.008600
30 0.008400
31 0.009200
32 0.010200
33 0.012000
34 0.012200
35 0.009600
36 0.011800
37 0.009600
38 0.010400
39 0.010000
40 0.011000
41 0.010400
42 0.009400
43 0.009800
44 0.011800
45 0.010000
46 0.009200
47 0.008200
48 0.009400
49 0.013000
50 0.011200
51 0.013200
52 0.012200
53 0.010200
54 0.011800
55 0.012600
56 0.010200
57 0.011600
58 0.011200
59 0.014600
60 0.011200
61 0.012800
62 0.013200
63 0.011800
64 0.011200
65 0.012200
66 0.012000
67 0.013400
68 0.012000
69 0.012800
70 0.014800
71 0.012400
72 0.015000
73 0.010600
74 0.012600
75 0.012400
76 0.014400
77 0.013400
78 0.014000
79 0.014000
80 0.013200
81 0.013200
82 0.014400
83 0.014800
84 0.015600
85 0.010000
86 0.012200
87 0.017400
88 0.014200
89 0.013400
90 0.015600
91 0.013600
92 0.012800
93 0.016000
94 0.014800
95 0.016000
96 0.013000
97 0.014000
98 0.015600
99 0.015000
100 0.015200
101 0.016600
102 0.013400
103 0.013800
104 0.015200
105 0.014200
106 0.012600
107 0.014600
108 0.015200
109 0.015200
110 0.015800
111 0.014800
112 0.016200
113 0.012800
114 0.016800
115 0.018000
116 0.017200
117 0.016800
118 0.013800
119 0.017400
120 0.015200
121 0.015400
122 0.017000
123 0.016800
124 0.013200
125 0.012600
126 0.016400
127 0.017600
128 0.015200
129 0.019600
130 0.018200
131 0.018200
132 0.014200
133 0.015200
134 0.016000
135 0.016200
136 0.016800
137 0.016200
138 0.018600
139 0.015000
140 0.015800
141 0.015000
142 0.015400
143 0.013200
144 0.016400
145 0.018400
146 0.019800
147 0.017000
148 0.017000
149 0.014200
150 0.021000
151 0.019000
152 0.018600
153 0.020400
154 0.018600
155 0.016800
156 0.015000
157 0.017600
158 0.018000
159 0.017600
160 0.017800
161 0.016400
162 0.018800
163 0.018000
164 0.013600
165 0.017200
166 0.017400
167 0.018800
168 0.018400
169 0.018000
170 0.019600
171 0.018800
172 0.018200
173 0.019600
174 0.016800
175 0.017200
176 0.015600
177 0.016600
178 0.020200
179 0.020400
180 0.019800
181 0.017800
182 0.017000
183 0.017800
184 0.017400
185 0.018000
186 0.014400
187 0.018800
188 0.016200
189 0.017200
190 0.017600
191 0.020000
192 0.018200
193 0.017200
194 0.018000
195 0.020000
196 0.015600
197 0.017600
198 0.020200
199 0.018200
200 0.016800
201 0.019600
202 0.021000
203 0.017600
204 0.019800
205 0.018800
206 0.020800
207 0.019800
208 0.016200
209 0.021800
210 0.018000
211 0.016600
212 0.021000
213 0.023600
214 0.018000
215 0.019400
216 0.019000
217 0.016600
218 0.021200
219 0.025600
220 0.019000
221 0.021800
222 0.018200
223 0.019400
224 0.017000
225 0.020400
226 0.016600
227 0.019200
228 0.018000
229 0.018000
230 0.020800
231 0.019600
232 0.018200
233 0.022200
234 0.019800
235 0.020600
236 0.018200
237 0.020200
238 0.021600
239 0.024200
240 0.020600
241 0.022400
242 0.021000
243 0.018200
244 0.020600
245 0.018600
246 0.019600
247 0.021800
248 0.021400
249 0.016400
250 0.017000
251 0.021000
252 0.018200
253 0.022200
254 0.018200
255 0.016400
256 0.021200
257 0.023200
258 0.019600
259 0.019600
260 0.018400
261 0.017200
262 0.019800
263 0.020800
264 0.020000
265 0.018800
266 0.020000
267 0.020400
268 0.021000
269 0.017800
270 0.022000
271 0.019600
272 0.019200
273 0.022400
274 0.019400
275 0.020200
276 0.019200
277 0.022600
278 0.022800
279 0.021200
280 0.021600
281 0.020800
282 0.020800
283 0.020400
284 0.018600
285 0.021600
286 0.019800
287 0.021400
288 0.020400
289 0.020000
290 0.021000
291 0.022400
292 0.023200
293 0.019000
294 0.021200
295 0.020600
296 0.016400
297 0.021200
298 0.020400
299 0.022000
300 0.023000
301 0.019000
302 0.021400
303 0.018200
304 0.021000
305 0.017800
306 0.022000
307 0.021000
308 0.024200
309 0.021400
310 0.022600
311 0.022400
312 0.022000
313 0.024200
314 0.023400
315 0.020800
316 0.019800
317 0.018800
318 0.023200
319 0.021400
320 0.021800
321 0.019600
322 0.020200
323 0.021400
324 0.024800
325 0.025000
326 0.020200
327 0.026000
328 0.023000
329 0.024000
330 0.021800
331 0.020600
332 0.023000
333 0.028400
334 0.022000
335 0.023200
336 0.023600
337 0.020200
338 0.021000
339 0.019200
340 0.019800
341 0.021200
342 0.023400
343 0.023000
344 0.017800
345 0.022000
346 0.022000
347 0.022000
348 0.024000
349 0.022400
350 0.020800
351 0.024800
352 0.020400
353 0.021200
354 0.024800
355 0.022200
356 0.022600
357 0.025400
358 0.021200
359 0.019600
360 0.019200
361 0.019800
362 0.023200
363 0.021600
364 0.024400
365 0.021400
366 0.020200
367 0.020800
368 0.023000
369 0.024200
370 0.019400
371 0.025400
372 0.025000
373 0.023800
374 0.021600
375 0.024000
376 0.025000
377 0.021000
378 0.024800
379 0.021200
380 0.023000
381 0.023400
382 0.024200
383 0.022600
384 0.021800
385 0.021000
386 0.021800
387 0.020800
388 0.023000
389 0.017200
390 0.022000
391 0.022800
392 0.021200
393 0.025400
394 0.020200
395 0.022200
396 0.022200
397 0.024600
398 0.019600
399 0.021800
400 0.019800
401 0.022000
402 0.022200
403 0.026000
404 0.025000
405 0.023200
406 0.020800
407 0.023000
408 0.021800
409 0.023000
410 0.027600
411 0.023000
412 0.025400
413 0.023600
414 0.020400
415 0.023200
416 0.024000
417 0.026400
418 0.022600
419 0.024600
420 0.022400
421 0.025600
422 0.022600
423 0.022000
424 0.020600
425 0.021000
426 0.023200
427 0.022200
428 0.020000
429 0.024200
430 0.021400
431 0.023200
432 0.021600
433 0.023200
434 0.022800
435 0.022400
436 0.023200
437 0.021600
438 0.022600
439 0.021400
440 0.022200
441 0.023400
442 0.021400
443 0.025600
444 0.019000
445 0.019600
446 0.024400
447 0.021800
448 0.025800
449 0.022800
450 0.022000
451 0.027200
452 0.026200
453 0.027000
454 0.020800
455 0.025600
456 0.024600
457 0.023800
458 0.019400
459 0.026800
460 0.025000
461 0.024400
462 0.021200
463 0.025000
464 0.023600
465 0.025400
466 0.024200
467 0.021400
468 0.023800
469 0.023800
470 0.022600
471 0.028000
472 0.021200
473 0.025800
474 0.023400
475 0.022400
476 0.025400
477 0.020800
478 0.024000
479 0.021000
480 0.025400
481 0.023000
482 0.023600
483 0.024800
484 0.025200
485 0.025200
486 0.019400
487 0.024200
488 0.023800
489 0.023400
490 0.022400
491 0.025200
492 0.024600
493 0.023600
494 0.021200
495 0.020200
496 0.020200
497 0.019800
498 0.027000
499 0.026000
500 0.021400
501 0.021600
502 0.024000
503 0.023200
504 0.023600
505 0.024400
506 0.025600
507 0.024400
508 0.025000
509 0.029400
510 0.026400
511 0.023800
512 0.020000
513 0.023200
514 0.027800
515 0.026200
516 0.026800
517 0.025400
518 0.024800
519 0.024600
520 0.023800
521 0.024200
522 0.022400
523 0.024400
524 0.022400
525 0.022000
526 0.024600
527 0.027200
528 0.024400
529 0.026400
530 0.029800
531 0.020600
532 0.023200
533 0.023000
534 0.021800
535 0.021800
536 0.020200
537 0.025200
538 0.026800
539 0.025400
540 0.022200
541 0.026000
542 0.021000
543 0.026200
544 0.024600
545 0.026400
546 0.022600
547 0.025600
548 0.029000
549 0.024600
550 0.025000
551 0.024000
552 0.027000
553 0.030200
554 0.025000
555 0.028000
556 0.027000
557 0.024400
558 0.025000
559 0.025200
560 0.021400
561 0.027400
562 0.024400
563 0.028000
564 0.023200
565 0.021800
566 0.026600
567 0.027600
568 0.024400
569 0.026400
570 0.026000
571 0.022800
572 0.023000
573 0.029800
574 0.025600
575 0.028600
576 0.028000
577 0.023200
578 0.023400
579 0.023200
580 0.021600
581 0.024400
582 0.020000
583 0.021200
584 0.024400
585 0.024200
586 0.024000
587 0.022800
588 0.022400
589 0.018200
590 0.028600
591 0.027600
592 0.024000
593 0.024400
594 0.020400
595 0.019800
596 0.029400
597 0.024200
598 0.025600
599 0.026000
600 0.023600
601 0.023600
602 0.026400
603 0.025800
604 0.026200
605 0.022600
606 0.023000
607 0.025400
608 0.027800
609 0.023600
610 0.020400
611 0.029600
612 0.025600
613 0.022600
614 0.024000
615 0.024800
616 0.025800
617 0.022000
618 0.023600
619 0.021400
620 0.027200
621 0.029400
622 0.028600
623 0.025800
624 0.023600
625 0.024800
626 0.022000
627 0.024400
628 0.026200
629 0.026200
630 0.025400
631 0.026400
632 0.022400
633 0.024000
634 0.023600
635 0.026200
636 0.030200
637 0.026000
638 0.027200
639 0.027000
640 0.020800
641 0.024000
642 0.024600
643 0.024000
644 0.025400
645 0.024000
646 0.022800
647 0.022600
648 0.026600
649 0.027000
650 0.024800
651 0.021400
652 0.020600
653 0.025000
654 0.027800
655 0.025000
656 0.025000
657 0.027000
658 0.029800
659 0.026400
660 0.029000
661 0.028800
662 0.027400
663 0.027200
664 0.021400
665 0.025000
666 0.024800
667 0.022000
668 0.024200
669 0.026200
670 0.029400
671 0.029000
672 0.027000
673 0.024600
674 0.022000
675 0.026200
676 0.027800
677 0.027800
678 0.025600
679 0.022200
680 0.027200
681 0.023600
682 0.027800
683 0.029000
684 0.027800
685 0.023800
686 0.026600
687 0.027800
688 0.020800
689 0.026000
690 0.022000
691 0.023200
692 0.025800
693 0.024400
694 0.022600
695 0.023000
696 0.023400
697 0.024600
698 0.025200
699 0.027000
700 0.024600
701 0.026000
702 0.024200
703 0.021800
704 0.026200
705 0.023600
706 0.028800
707 0.027200
708 0.023400
709 0.022600
710 0.025000
711 0.025400
712 0.023400
713 0.026800
714 0.027600
715 0.023400
716 0.025800
717 0.026200
718 0.027200
719 0.025400
720 0.026200
721 0.025800
722 0.021600
723 0.025000
724 0.026000
725 0.028000
726 0.030600
727 0.024800
728 0.025400
729 0.022800
730 0.023800
731 0.025200
732 0.024000
733 0.022000
734 0.026200
735 0.027800
736 0.020800
737 0.027000
738 0.022400
739 0.028000
740 0.028600
741 0.024400
742 0.023800
743 0.023600
744 0.023200
745 0.025200
746 0.027600
747 0.026400
748 0.026800
749 0.026800
750 0.025600
751 0.024400
752 0.026800
753 0.026800
754 0.024800
755 0.024600
756 0.030000
757 0.027400
758 0.028200
759 0.028000
760 0.026200
761 0.027200
762 0.026800
763 0.027600
764 0.022000
765 0.024800
766 0.028800
767 0.028000
768 0.023600
769 0.025400
770 0.024600
771 0.025200
772 0.023400
773 0.026000
774 0.023600
775 0.026600
776 0.026200
777 0.027400
778 0.027400
779 0.026600
780 0.023200
781 0.029000
782 0.024800
783 0.026000
784 0.028000
785 0.022800
786 0.023800
787 0.024200
788 0.028200
789 0.023000
790 0.023200
791 0.024000
792 0.027400
793 0.029200
794 0.025800
795 0.025800
796 0.027000
797 0.024600
798 0.027600
799 0.026600
800 0.028800
801 0.024200
802 0.026000
803 0.026200
804 0.027200
805 0.028400
806 0.027000
807 0.024200
808 0.023200
809 0.027600
810 0.028000
811 0.026000
812 0.023600
813 0.027200
814 0.021000
815 0.026200
816 0.030400
817 0.026000
818 0.029600
819 0.024200
820 0.025600
821 0.028600
822 0.023400
823 0.026800
824 0.022200
825 0.024200
826 0.024800
827 0.027000
828 0.025200
829 0.025200
830 0.030800
831 0.028800
832 0.025400
833 0.023800
834 0.025400
835 0.023800
836 0.021800
837 0.027200
838 0.023400
839 0.028000
840 0.030000
841 0.027200
842 0.024000
843 0.025800
844 0.031000
845 0.027400
846 0.024200
847 0.028800
848 0.028800
849 0.026800
850 0.024400
851 0.026200
852 0.029000
853 0.023800
854 0.022800
855 0.024800
856 0.027600
857 0.025400
858 0.026200
859 0.027800
860 0.027600
861 0.027200
862 0.025400
863 0.023800
864 0.030000
865 0.024800
866 0.025400
867 0.026600
868 0.027600
869 0.026800
870 0.031400
871 0.027400
872 0.026000
873 0.029200
874 0.029000
875 0.026800
876 0.028800
877 0.032200
878 0.030200
879 0.028200
880 0.025600
881 0.023400
882 0.027200
883 0.024000
884 0.025600
885 0.024000
886 0.025200
887 0.027200
888 0.024600
889 0.025400
890 0.025000
891 0.023400
892 0.026000
893 0.028800
894 0.025400
895 0.026200
896 0.023600
897 0.026400
898 0.029400
899 0.025600
900 0.026200
901 0.031200
902 0.027200
903 0.027600
904 0.027400
905 0.028000
906 0.024200
907 0.023800
908 0.027400
909 0.029200
910 0.030400
911 0.028600
912 0.026000
913 0.023000
914 0.024400
915 0.027800
916 0.030200
917 0.028000
918 0.026400
919 0.027800
920 0.028800
921 0.024800
922 0.027800
923 0.026800
924 0.030200
925 0.026400
926 0.025600
927 0.023800
928 0.027800
929 0.028200
930 0.028600
931 0.029600
932 0.030800
933 0.028600
934 0.023200
935 0.028800
936 0.026400
937 0.026000
938 0.029200
939 0.025800
940 0.032800
941 0.024600
942 0.021000
943 0.028200
944 0.028000
945 0.028000
946 0.025600
947 0.030000
948 0.026000
949 0.026400
950 0.027000
951 0.025200
952 0.024400
953 0.029600
954 0.031600
955 0.025400
956 0.024000
957 0.024800
958 0.028800
959 0.024200
960 0.027200
961 0.024200
962 0.025200
963 0.024600
964 0.027800
965 0.027200
966 0.026200
967 0.023000
968 0.025400
969 0.027400
970 0.027200
971 0.026600
972 0.022400
973 0.024600
974 0.030600
975 0.027800
976 0.024200
977 0.030400
978 0.022800
979 0.028800
980 0.028600
981 0.024200
982 0.027400
983 0.029000
984 0.031400
985 0.027000
986 0.030000
987 0.031000
988 0.025200
989 0.027800
990 0.030600
991 0.028400
992 0.027000
993 0.021600
994 0.027200
995 0.032000
996 0.028000
997 0.025000
998 0.027200
999 0.027400
1000 0.030200
1001 0.031200
1002 0.023400
1003 0.026200
1004 0.031400
1005 0.028600
1006 0.025800
1007 0.027200
1008 0.025000
1009 0.023600
1010 0.028600
1011 0.025800
1012 0.022400
1013 0.023800
1014 0.024800
1015 0.027400
1016 0.020800
1017 0.024800
1018 0.023000
1019 0.022200
1020 0.024200
1021 0.026200
1022 0.027200
1023 0.030200
1024 0.031400
1025 0.027000
1026 0.022600
1027 0.028000
1028 0.026400
1029 0.024600
1030 0.026600
1031 0.029200
1032 0.030000
1033 0.025600
1034 0.025600
1035 0.025800
1036 0.027400
1037 0.025400
1038 0.027600
1039 0.027600
1040 0.021400
1041 0.026800
1042 0.024000
1043 0.024800
1044 0.027800
1045 0.023400
1046 0.025200
1047 0.020800
1048 0.028000
1049 0.024200
1050 0.027000
1051 0.025600
1052 0.028200
1053 0.030600
1054 0.031800
1055 0.029600
1056 0.027400
1057 0.029400
1058 0.027400
1059 0.025800
1060 0.025400
1061 0.029800
1062 0.029400
1063 0.029600
1064 0.029200
1065 0.027800
1066 0.032000
1067 0.027000
1068 0.026000
1069 0.024600
1070 0.027800
1071 0.026200
1072 0.024600
1073 0.030800
1074 0.028000
1075 0.029000
1076 0.026400
1077 0.022800
1078 0.022800
1079 0.032200
1080 0.026800
1081 0.026600
1082 0.026400
1083 0.026000
1084 0.024000
1085 0.025400
1086 0.026000
1087 0.025600
1088 0.025800
1089 0.025600
1090 0.024000
1091 0.025000
1092 0.025600
1093 0.029000
1094 0.023800
1095 0.026400
1096 0.029200
1097 0.027200
1098 0.022800
1099 0.028200
1100 0.024800
1101 0.027200
1102 0.028800
1103 0.031600
1104 0.030200
1105 0.027600
1106 0.026200
1107 0.025600
1108 0.031600
1109 0.025000
1110 0.027200
1111 0.029400
1112 0.028800
1113 0.028200
1114 0.029000
1115 0.023400
1116 0.032600
1117 0.025400
1118 0.029200
1119 0.028800
1120 0.030000
1121 0.027000
1122 0.031400
1123 0.025200
1124 0.027200
1125 0.029000
1126 0.028600
1127 0.024400
1128 0.024800
1129 0.025000
1130 0.028600
1131 0.032400
1132 0.030400
1133 0.029800
1134 0.029600
1135 0.024000
1136 0.024400
1137 0.027000
1138 0.029600
1139 0.029000
1140 0.029200
1141 0.028000
1142 0.027000
1143 0.027000
1144 0.029200
1145 0.027600
1146 0.028200
1147 0.025800
1148 0.032400
1149 0.029200
1150 0.027800
1151 0.027800
1152 0.033600
1153 0.027400
1154 0.030600
1155 0.030800
1156 0.029600
1157 0.026000
1158 0.026000
1159 0.029600
1160 0.027200
1161 0.026000
1162 0.030000
1163 0.027200
1164 0.029200
1165 0.030000
1166 0.023000
1167 0.030400
1168 0.028200
1169 0.032000
1170 0.027600
1171 0.026800
1172 0.030600
1173 0.026600
1174 0.032400
1175 0.032200
1176 0.029200
1177 0.030200
1178 0.029000
1179 0.025400
1180 0.026000
1181 0.029000
1182 0.026000
1183 0.029000
1184 0.024600
1185 0.024800
1186 0.027600
1187 0.027800
1188 0.029200
1189 0.026000
1190 0.029200
1191 0.031800
1192 0.029000
1193 0.023600
1194 0.024800
1195 0.028600
1196 0.026200
1197 0.027800
1198 0.030000
1199 0.029800
1200 0.025800
1201 0.028200
1202 0.027400
1203 0.026000
1204 0.027800
1205 0.028000
1206 0.029000
1207 0.026600
1208 0.031800
1209 0.028000
1210 0.027400
1211 0.025600
1212 0.027800
1213 0.026200
1214 0.027200
1215 0.030000
1216 0.026000
1217 0.026000
1218 0.028400
1219 0.026000
1220 0.028200
1221 0.030400
1222 0.033400
1223 0.027600
1224 0.028200
1225 0.023400
1226 0.027000
1227 0.024800
1228 0.025800
1229 0.029600
1230 0.027800
1231 0.026800
1232 0.033400
1233 0.029400
1234 0.027800
1235 0.029000
1236 0.029200
1237 0.027200
1238 0.024400
1239 0.023800
1240 0.025400
1241 0.024400
1242 0.030600
1243 0.031200
1244 0.029800
1245 0.029000
1246 0.028200
1247 0.027400
1248 0.027800
1249 0.025000
1250 0.027400
1251 0.023200
1252 0.028400
1253 0.027800
1254 0.028200
1255 0.027400
1256 0.027200
1257 0.021600
1258 0.028400
1259 0.031000
1260 0.025400
1261 0.032400
1262 0.029200
1263 0.030200
1264 0.029200
1265 0.028200
1266 0.026400
1267 0.029200
1268 0.032200
1269 0.029200
1270 0.026000
1271 0.028000
1272 0.026000
1273 0.026200
1274 0.027800
1275 0.027800
1276 0.030600
1277 0.025800
1278 0.027400
1279 0.028200
1280 0.032000
1281 0.028400
1282 0.025200
1283 0.029800
1284 0.030000
1285 0.025800
1286 0.029000
1287 0.024600
1288 0.026400
1289 0.026800
1290 0.029600
1291 0.033400
1292 0.029000
1293 0.025400
1294 0.028000
1295 0.025600
1296 0.025200
1297 0.027000
1298 0.028000
1299 0.027800
1300 0.024800
1301 0.022400
1302 0.025800
1303 0.022200
1304 0.029800
1305 0.025600
1306 0.028000
1307 0.025200
1308 0.032600
1309 0.029200
1310 0.028000
1311 0.029600
1312 0.028600
1313 0.027400
1314 0.027200
1315 0.031000
1316 0.025200
1317 0.026800
1318 0.024000
1319 0.027600
1320 0.025000
1321 0.022400
1322 0.025400
1323 0.029600
1324 0.024000
1325 0.026600
1326 0.021800
1327 0.023800
1328 0.029600
1329 0.032200
1330 0.028000
1331 0.033800
1332 0.029000
1333 0.026600
1334 0.025200
1335 0.026000
1336 0.024600
1337 0.026200
1338 0.025600
1339 0.031000
1340 0.027000
1341 0.027000
1342 0.025800
1343 0.026600
1344 0.027800
1345 0.029800
1346 0.028800
1347 0.029200
1348 0.030400
1349 0.030200
1350 0.033800
1351 0.029200
1352 0.025400
1353 0.027200
1354 0.031000
1355 0.028600
1356 0.027000
1357 0.026600
1358 0.027200
1359 0.025600
1360 0.025400
1361 0.027000
1362 0.027200
1363 0.029000
1364 0.025000
1365 0.027800
1366 0.031600
1367 0.026200
1368 0.026000
1369 0.027000
1370 0.027200
1371 0.024800
1372 0.033600
1373 0.024600
1374 0.030000
1375 0.027800
1376 0.030400
1377 0.028600
1378 0.031000
1379 0.025400
1380 0.027000
1381 0.028200
1382 0.023800
1383 0.023800
1384 0.029600
1385 0.030800
1386 0.026400
1387 0.027600
1388 0.026000
1389 0.030000
1390 0.029600
1391 0.025000
1392 0.027600
1393 0.029000
1394 0.029400
1395 0.028000
1396 0.025200
1397 0.028800
1398 0.026200
1399 0.026400
1400 0.027000
1401 0.028600
1402 0.026200
1403 0.026800
1404 0.030200
1405 0.029200
1406 0.033800
1407 0.030400
1408 0.028800
1409 0.027600
1410 0.024400
1411 0.030200
1412 0.027400
1413 0.025200
1414 0.025800
1415 0.022200
1416 0.027400
1417 0.027000
1418 0.023600
1419 0.024800
1420 0.028800
1421 0.028600
1422 0.029400
1423 0.027400
1424 0.025800
1425 0.027800
1426 0.031400
1427 0.028200
1428 0.027800
1429 0.026600
1430 0.030400
1431 0.023800
1432 0.028200
1433 0.024200
1434 0.026600
1435 0.023200
1436 0.025200
1437 0.023000
1438 0.023200
1439 0.028400
1440 0.024000
1441 0.026200
1442 0.032800
1443 0.031000
1444 0.029200
1445 0.029600
1446 0.027200
1447 0.026200
1448 0.027800
1449 0.027400
1450 0.026800
1451 0.031200
1452 0.025000
1453 0.031000
1454 0.025800
1455 0.027000
1456 0.030200
1457 0.027600
1458 0.025400
1459 0.024400
1460 0.028600
1461 0.024600
1462 0.024400
1463 0.028800
1464 0.031200
1465 0.026800
1466 0.029600
1467 0.029600
1468 0.022600
1469 0.027000
1470 0.027400
1471 0.021400
1472 0.023200
1473 0.027000
1474 0.029000
1475 0.026400
1476 0.027000
1477 0.026600
1478 0.029800
1479 0.029600
1480 0.029000
1481 0.028200
1482 0.028400
1483 0.029800
1484 0.030800
1485 0.027400
1486 0.028800
1487 0.028000
1488 0.030000
1489 0.025600
1490 0.027000
1491 0.027000
1492 0.028200
1493 0.026400
1494 0.025800
1495 0.027600
1496 0.025600
1497 0.026800
1498 0.021800
1499 0.027000
1500 0.027400
1501 0.028800
1502 0.025400
1503 0.030000
1504 0.023000
1505 0.027800
1506 0.032600
1507 0.028600
1508 0.030600
1509 0.025200
1510 0.024600
1511 0.022600
1512 0.027800
1513 0.026800
1514 0.027200
1515 0.028600
1516 0.028200
1517 0.029200
1518 0.024600
1519 0.029000
1520 0.029600
1521 0.026800
1522 0.029600
1523 0.027200
1524 0.026400
1525 0.029000
1526 0.021200
1527 0.027800
1528 0.031800
1529 0.026800
1530 0.024800
1531 0.030400
1532 0.033000
1533 0.033000
1534 0.026400
1535 0.030800
1536 0.026200
1537 0.028800
1538 0.027200
1539 0.028800
1540 0.027800
1541 0.027200
1542 0.026600
1543 0.026200
1544 0.029200
1545 0.026600
1546 0.026600
1547 0.029400
1548 0.022000
1549 0.027200
1550 0.028800
1551 0.025600
1552 0.028000
1553 0.027200
1554 0.029000
1555 0.024000
1556 0.028200
1557 0.029000
1558 0.029400
1559 0.025000
1560 0.027600
1561 0.023400
1562 0.026000
1563 0.029400
1564 0.026800
1565 0.029400
1566 0.030000
1567 0.030000
1568 0.028000
1569 0.035200
1570 0.030000
1571 0.027200
1572 0.029400
1573 0.027000
1574 0.026200
1575 0.028600
1576 0.026800
1577 0.028000
1578 0.028200
1579 0.027400
1580 0.024600
1581 0.035800
1582 0.029400
1583 0.025000
1584 0.028400
1585 0.020600
1586 0.029600
1587 0.030200
1588 0.029200
1589 0.029400
1590 0.029200
1591 0.028600
1592 0.025400
1593 0.028800
1594 0.030800
1595 0.033600
1596 0.028800
1597 0.026800
1598 0.025400
1599 0.026600
1600 0.025600
1601 0.028800
1602 0.027400
1603 0.028200
1604 0.028200
1605 0.027400
1606 0.026200
1607 0.025800
1608 0.026800
1609 0.021800
1610 0.030000
1611 0.027000
1612 0.034800
1613 0.028800
1614 0.026200
1615 0.029600
1616 0.027600
1617 0.028000
1618 0.026400
1619 0.027800
1620 0.023800
1621 0.027200
1622 0.027600
1623 0.026200
1624 0.027400
1625 0.027200
1626 0.027200
1627 0.024400
1628 0.027600
1629 0.027000
1630 0.032200
1631 0.027400
1632 0.024000
1633 0.028200
1634 0.027200
1635 0.031400
1636 0.027000
1637 0.027800
1638 0.027800
1639 0.028800
1640 0.031000
1641 0.026600
1642 0.029200
1643 0.029400
1644 0.025800
1645 0.025800
1646 0.029800
1647 0.033200
1648 0.026600
1649 0.029600
1650 0.033200
1651 0.024400
1652 0.027000
1653 0.021800
1654 0.027400
1655 0.030800
1656 0.025200
1657 0.024200
1658 0.027600
1659 0.029400
1660 0.031400
1661 0.027000
1662 0.025600
1663 0.028200
1664 0.030000
1665 0.030400
1666 0.024400
1667 0.030200
1668 0.024000
1669 0.029800
1670 0.027200
1671 0.024800
1672 0.023800
1673 0.031600
1674 0.030400
1675 0.033200
1676 0.029000
1677 0.029000
1678 0.029200
1679 0.027400
1680 0.030200
1681 0.027600
1682 0.034200
1683 0.032600
1684 0.031000
1685 0.026400
1686 0.027000
1687 0.031800
1688 0.031600
1689 0.029000
1690 0.029800
1691 0.027600
1692 0.029800
1693 0.031600
1694 0.027200
1695 0.028400
1696 0.024200
1697 0.026600
1698 0.029600
1699 0.027000
1700 0.035400
1701 0.028000
1702 0.029800
1703 0.026800
1704 0.027800
1705 0.028800
1706 0.031000
1707 0.028600
1708 0.034000
1709 0.026400
1710 0.029400
1711 0.025800
1712 0.031200
1713 0.026600
1714 0.028000
1715 0.029200
1716 0.035600
1717 0.028800
1718 0.032200
1719 0.029200
1720 0.024600
1721 0.027000
1722 0.031400
1723 0.027400
1724 0.024600
1725 0.031400
1726 0.031600
1727 0.031400
1728 0.027000
1729 0.029600
1730 0.027200
1731 0.029600
1732 0.025800
1733 0.026200
1734 0.032600
1735 0.026800
1736 0.029400
1737 0.033400
1738 0.031600
1739 0.031200
1740 0.031600
1741 0.030000
1742 0.023400
1743 0.030200
1744 0.030000
1745 0.029400
1746 0.028800
1747 0.026200
1748 0.032600
1749 0.027200
1750 0.027400
1751 0.022600
1752 0.027800
1753 0.029800
1754 0.028800
1755 0.029200
1756 0.027800
1757 0.028000
1758 0.033600
1759 0.033000
1760 0.024600
1761 0.030000
1762 0.029000
1763 0.033000
1764 0.027400
1765 0.029200
1766 0.030200
1767 0.028000
1768 0.030600
1769 0.029000
1770 0.027800
1771 0.025200
1772 0.028000
1773 0.024600
1774 0.032200
1775 0.026600
1776 0.028200
1777 0.025600
1778 0.024600
1779 0.022200
1780 0.028600
1781 0.027400
1782 0.025400
1783 0.030200
1784 0.026400
1785 0.029800
1786 0.025400
1787 0.025800
1788 0.026400
1789 0.029800
1790 0.029600
1791 0.025800
1792 0.027400
1793 0.026400
1794 0.027400
1795 0.030200
1796 0.028800
1797 0.028000
1798 0.027600
1799 0.027800
1800 0.031600
1801 0.029400
1802 0.029400
1803 0.029600
1804 0.033800
1805 0.027800
1806 0.024000
1807 0.030000
1808 0.031400
1809 0.032600
1810 0.025800
1811 0.031800
1812 0.030800
1813 0.024800
1814 0.028200
1815 0.030600
1816 0.036200
1817 0.030400
1818 0.031600
1819 0.030000
1820 0.029800
1821 0.031600
1822 0.027400
1823 0.031000
1824 0.028800
1825 0.023200
1826 0.023800
1827 0.032200
1828 0.027400
1829 0.030600
1830 0.027200
1831 0.032000
1832 0.029600
1833 0.028800
1834 0.027000
1835 0.031200
1836 0.026600
1837 0.026200
1838 0.027800
1839 0.030400
1840 0.033000
1841 0.032400
1842 0.030000
1843 0.024200
1844 0.028600
1845 0.031600
1846 0.027600
1847 0.027400
1848 0.034600
1849 0.025800
1850 0.032000
1851 0.031800
1852 0.025800
1853 0.030600
1854 0.026400
1855 0.030000
1856 0.028000
1857 0.025200
1858 0.031800
1859 0.026600
1860 0.026600
1861 0.027800
1862 0.026000
1863 0.030400
1864 0.032800
1865 0.028600
1866 0.027600
1867 0.029000
1868 0.024800
1869 0.026000
1870 0.027200
1871 0.026400
1872 0.028000
1873 0.028800
1874 0.035200
1875 0.029200
1876 0.030000
1877 0.030800
1878 0.030400
1879 0.029400
1880 0.027000
1881 0.026800
1882 0.028600
1883 0.025200
1884 0.029200
1885 0.031400
1886 0.027400
1887 0.026600
1888 0.029800
1889 0.027600
1890 0.028000
1891 0.027800
1892 0.025000
1893 0.031400
1894 0.023000
1895 0.027800
1896 0.028800
1897 0.026400
1898 0.027000
1899 0.029600
1900 0.028400
1901 0.025200
1902 0.029200
1903 0.025400
1904 0.025800
1905 0.030400
1906 0.024800
1907 0.027000
1908 0.028400
1909 0.031200
1910 0.029800
1911 0.027600
1912 0.029400
1913 0.026200
1914 0.027800
1915 0.031000
1916 0.029600
1917 0.029200
1918 0.029400
1919 0.025600
1920 0.033600
1921 0.030600
1922 0.028000
1923 0.031600
1924 0.029600
1925 0.027200
1926 0.022600
1927 0.031600
1928 0.029200
1929 0.027200
1930 0.029600
1931 0.028200
1932 0.030000
1933 0.024600
1934 0.026800
1935 0.029000
1936 0.029000
1937 0.028600
1938 0.029400
1939 0.030400
1940 0.028600
1941 0.029200
1942 0.028800
1943 0.026000
1944 0.030000
1945 0.032000
1946 0.028600
1947 0.026600
1948 0.024800
1949 0.030400
1950 0.032000
1951 0.030800
1952 0.032600
1953 0.026400
1954 0.025200
1955 0.028600
1956 0.026600
1957 0.032800
1958 0.028800
1959 0.027200
1960 0.028600
1961 0.026600
1962 0.027800
1963 0.023600
1964 0.022200
1965 0.026600
1966 0.027200
1967 0.025800
1968 0.028000
1969 0.026200
1970 0.028000
1971 0.026600
1972 0.028200
1973 0.026200
1974 0.023200
1975 0.031600
1976 0.031800
1977 0.034400
1978 0.025600
1979 0.027000
1980 0.028200
1981 0.029800
1982 0.025400
1983 0.027600
1984 0.028000
1985 0.028600
1986 0.030200
1987 0.029200
1988 0.029000
1989 0.026200
1990 0.025600
1991 0.025800
1992 0.021800
1993 0.027200
1994 0.025600
1995 0.029600
1996 0.029800
1997 0.026600
1998 0.030200
1999 0.027400
