-22.0863 0.0000
-22.0863 10.0000
-21.4947 0.0000
-21.4947 10.0000
-20.9030 0.0000
-20.9030 10.0000
-20.3114 0.0000
-20.3114 10.0000
-19.7198 0.0000
-19.7198 10.0000
-19.1282 0.0000
-19.1282 10.0000
-18.5366 0.0000
-18.5366 10.0000
-17.9450 0.0000
-17.9450 10.0000
-17.3534 0.0000
-17.3534 10.0000
-16.7618 0.0000
-16.7618 10.0000
-16.1702 0.0000
-16.1702 10.0000
-15.5786 0.0000
-15.5786 10.0000
-14.9870 0.0000
-14.9870 10.0000
-14.3954 0.0000
-14.3954 10.0000
-13.8037 0.0000
-13.8037 10.0000
-13.2121 0.0000
-13.2121 10.0000
-12.6205 0.0000
-12.6205 10.0000
-12.0289 0.0000
-12.0289 10.0000
-11.4373 0.0000
-11.4373 10.0000
-10.8457 0.0000
-10.8457 10.0000
-10.2541 0.0000
-10.2541 10.0000
-9.6625 0.0000
-9.6625 10.0000
-9.0709 0.0000
-9.0709 10.0000
-8.4793 0.0000
-8.4793 10.0000
-7.8877 0.0000
-7.8877 10.0000
-7.2961 0.0000
-7.2961 10.0000
-6.7045 0.0000
-6.7045 10.0000
-6.1128 0.0000
-6.1128 10.0000
-5.5212 0.0000
-5.5212 10.0000
-4.9296 0.0000
-4.9296 10.0000
-4.3380 0.0000
-4.3380 10.0000
-3.7464 0.0000
-3.7464 10.0000
-3.1548 0.0000
-3.1548 10.0000
-2.5632 0.0000
-2.5632 10.0000
-1.9716 0.0000
-1.9716 10.0000
-1.3800 0.0000
-1.3800 10.0000
-0.7884 0.0000
-0.7884 10.0000
-0.1968 0.0000
-0.1968 10.0000
0.3948 0.0000
0.3948 10.0000
0.9865 0.0000
0.9865 10.0000
1.5781 0.0000
1.5781 10.0000
2.1697 0.0000
2.1697 10.0000
2.7613 0.0000
2.7613 10.0000
3.3529 0.0000
3.3529 10.0000
3.9445 0.0000
3.9445 10.0000
4.5361 0.0000
4.5361 10.0000
5.1277 0.0000
5.1277 10.0000
5.7193 0.0000
5.7193 10.0000
6.3109 0.0000
6.3109 10.0000
6.9025 0.0000
6.9025 10.0000
7.4941 0.0000
7.4941 10.0000
8.0857 0.0000
8.0857 10.0000
8.6774 0.0000
8.6774 10.0000
9.2690 0.0000
9.2690 10.0000
9.8606 0.0000
9.8606 10.0000
10.4522 0.0000
10.4522 10.0000
11.0438 0.0000
11.0438 10.0000
11.6354 0.0000
11.6354 10.0000
12.2270 0.0000
12.2270 10.0000
12.8186 0.0000
12.8186 10.0000
13.4102 0.0000
13.4102 10.0000
14.0018 0.0000
14.0018 10.0000
14.5934 0.0000
14.5934 10.0000
15.1850 0.0000
15.1850 10.0000
15.7767 0.0000
15.7767 10.0000
16.3683 0.0000
16.3683 10.0000
16.9599 0.0000
16.9599 10.0000
17.5515 0.0000
17.5515 10.0000
18.1431 0.0000
18.1431 10.0000
18.7347 0.0000
18.7347 10.0000
19.3263 0.0000
19.3263 10.0000
19.9179 0.0000
19.9179 10.0000
20.5095 0.0000
20.5095 10.0000
21.1011 0.0000
21.1011 10.0000
21.6927 0.0000
21.6927 10.0000
22.2843 0.0000
22.2843 10.0000
22.8759 0.0000
22.8759 10.0000
23.4676 0.0000
23.4676 10.0000
24.0592 0.0000
24.0592 10.0000
24.6508 0.0000
24.6508 10.0000
25.2424 0.0000
25.2424 10.0000
25.8340 0.0000
25.8340 10.0000
26.4256 0.0000
26.4256 10.0000
27.0172 0.0000
27.0172 10.0000
27.6088 0.0000
27.6088 10.0000
28.2004 0.0000
28.2004 10.0000
28.7920 0.0000
28.7920 10.0000
29.3836 0.0000
29.3836 10.0000
29.9752 0.0000
29.9752 10.0000
30.5668 0.0000
30.5668 10.0000
31.1585 0.0000
31.1585 10.0000
31.7501 0.0000
31.7501 10.0000
32.3417 0.0000
32.3417 10.0000
32.9333 0.0000
32.9333 10.0000
33.5249 0.0000
33.5249 10.0000
34.1165 0.0000
34.1165 10.0000
34.7081 0.0000
34.7081 10.0000
35.2997 0.0000
35.2997 10.0000
35.8913 0.0000
35.8913 10.0000
36.4829 0.0000
36.4829 10.0000
37.0745 0.0000
37.0745 10.0000
37.6661 0.0000
37.6661 10.0000
38.2578 0.0000
38.2578 10.0000
38.8494 0.0000
38.8494 10.0000
39.4410 0.0000
39.4410 10.0000
40.0326 0.0000
40.0326 10.0000
40.6242 0.0000
40.6242 10.0000
41.2158 0.0000
41.2158 10.0000
41.8074 0.0000
41.8074 10.0000
42.3990 0.0000
42.3990 10.0000
42.9906 0.0000
42.9906 10.0000
43.5822 0.0000
43.5822 10.0000
44.1738 0.0000
44.1738 10.0000
44.7654 0.0000
44.7654 10.0000
45.3570 0.0000
45.3570 10.0000
45.9487 0.0000
45.9487 10.0000
46.5403 0.0000
46.5403 10.0000
47.1319 0.0000
47.1319 10.0000
47.7235 0.0000
47.7235 10.0000
48.3151 0.0000
48.3151 10.0000
48.9067 0.0000
48.9067 10.0000
49.4983 0.0000
49.4983 10.0000
50.0899 0.0000
50.0899 10.0000
50.6815 0.0000
50.6815 10.0000
51.2731 0.0000
51.2731 10.0000
51.8647 0.0000
51.8647 10.0000
52.4563 0.0000
52.4563 10.0000
53.0480 0.0000
53.0480 10.0000
53.6396 0.0000
53.6396 10.0000
54.2312 0.0000
54.2312 10.0000
54.8228 0.0000
54.8228 10.0000
55.4144 0.0000
55.4144 10.0000
56.0060 0.0000
56.0060 10.0000
56.5976 0.0000
56.5976 10.0000
57.1892 0.0000
57.1892 10.0000
57.7808 0.0000
57.7808 10.0000
58.3724 0.0000
58.3724 10.0000
58.9640 0.0000
58.9640 10.0000
59.5556 0.0000
59.5556 10.0000
60.1472 0.0000
60.1472 10.0000
60.7389 0.0000
60.7389 10.0000
61.3305 0.0000
61.3305 10.0000
61.9221 0.0000
61.9221 10.0000
62.5137 0.0000
62.5137 10.0000
63.1053 0.0000
63.1053 10.0000
63.6969 0.0000
63.6969 10.0000
64.2885 0.0000
64.2885 10.0000
64.8801 0.0000
64.8801 10.0000
65.4717 0.0000
65.4717 10.0000
66.0633 0.0000
66.0633 10.0000
66.6549 0.0000
66.6549 10.0000
67.2465 0.0000
67.2465 10.0000
67.8382 0.0000
67.8382 10.0000
68.4298 0.0000
68.4298 10.0000
69.0214 0.0000
69.0214 10.0000
69.6130 0.0000
69.6130 10.0000
70.2046 0.0000
70.2046 10.0000
70.7962 0.0000
70.7962 10.0000
71.3878 0.0000
71.3878 10.0000
71.9794 0.0000
71.9794 10.0000
72.5710 0.0000
72.5710 10.0000
73.1626 0.0000
73.1626 10.0000
73.7542 0.0000
73.7542 10.0000
74.3458 0.0000
74.3458 10.0000
74.9374 0.0000
74.9374 10.0000
75.5291 0.0000
75.5291 10.0000
76.1207 0.0000
76.1207 10.0000
76.7123 0.0000
76.7123 10.0000
77.3039 0.0000
77.3039 10.0000
77.8955 0.0000
77.8955 10.0000
78.4871 0.0000
78.4871 10.0000
79.0787 0.0000
79.0787 10.0000
79.6703 0.0000
79.6703 10.0000
80.2619 0.0000
80.2619 10.0000
80.8535 0.0000
80.8535 10.0000
81.4451 0.0000
81.4451 10.0000
82.0367 0.0000
82.0367 10.0000
82.6284 0.0000
82.6284 10.0000
83.2200 0.0000
83.2200 10.0000
83.8116 0.0000
83.8116 10.0000
84.4032 0.0000
84.4032 10.0000
84.9948 0.0000
84.9948 10.0000
85.5864 0.0000
85.5864 10.0000
86.1780 0.0000
86.1780 10.0000
86.7696 0.0000
86.7696 10.0000
87.3612 0.0000
87.3612 10.0000
87.9528 0.0000
87.9528 10.0000
88.5444 0.0000
88.5444 10.0000
89.1360 0.0000
89.1360 10.0000
89.7276 0.0000
89.7276 10.0000
90.3193 0.0000
90.3193 10.0000
90.9109 0.0000
90.9109 10.0000
91.5025 0.0000
91.5025 10.0000
92.0941 0.0000
92.0941 10.0000
92.6857 0.0000
92.6857 10.0000
93.2773 0.0000
93.2773 10.0000
93.8689 0.0000
93.8689 10.0000
94.4605 0.0000
94.4605 10.0000
95.0521 0.0000
95.0521 10.0000
95.6437 0.0000
95.6437 10.0000
96.2353 0.0000
96.2353 10.0000
96.8269 0.0000
96.8269 10.0000
97.4186 0.0000
97.4186 10.0000
98.0102 0.0000
98.0102 10.0000
98.6018 0.0000
98.6018 10.0000
99.1934 0.0000
99.1934 10.0000
99.7850 0.0000
99.7850 10.0000
100.3766 0.0000
100.3766 10.0000
100.9682 0.0000
100.9682 10.0000
101.5598 0.0000
101.5598 10.0000
102.1514 0.0000
102.1514 10.0000
102.7430 0.0000
102.7430 10.0000
103.3346 0.0000
103.3346 10.0000
103.9262 0.0000
103.9262 10.0000
104.5178 0.0000
104.5178 10.0000
105.1095 0.0000
105.1095 10.0000
105.7011 0.0000
105.7011 10.0000
106.2927 0.0000
106.2927 10.0000
106.8843 0.0000
106.8843 10.0000
107.4759 0.0000
107.4759 10.0000
108.0675 0.0000
108.0675 10.0000
108.6591 0.0000
108.6591 10.0000
109.2507 0.0000
109.2507 10.0000
109.8423 0.0000
109.8423 10.0000
110.4339 0.0000
110.4339 10.0000
111.0255 0.0000
111.0255 10.0000
111.6171 0.0000
111.6171 10.0000
112.2088 0.0000
112.2088 10.0000
112.8004 0.0000
112.8004 10.0000
113.3920 0.0000
113.3920 10.0000
113.9836 0.0000
113.9836 10.0000
114.5752 0.0000
114.5752 10.0000
115.1668 0.0000
115.1668 10.0000
115.7584 0.0000
115.7584 10.0000
116.3500 0.0000
116.3500 10.0000
116.9416 0.0000
116.9416 10.0000
117.5332 0.0000
117.5332 10.0000
118.1248 0.0000
118.1248 10.0000
118.7164 0.0000
118.7164 10.0000
119.3080 0.0000
119.3080 10.0000
119.8997 0.0000
119.8997 10.0000
120.4913 0.0000
120.4913 10.0000
121.0829 0.0000
121.0829 10.0000
121.6745 0.0000
121.6745 10.0000
122.2661 0.0000
122.2661 10.0000
122.8577 0.0000
122.8577 10.0000
123.4493 0.0000
123.4493 10.0000
124.0409 0.0000
124.0409 10.0000
124.6325 0.0000
124.6325 10.0000
125.2241 0.0000
125.2241 10.0000
125.8157 0.0000
125.8157 10.0000
126.4073 0.0000
126.4073 10.0000
126.9990 0.0000
126.9990 10.0000
127.5906 0.0000
127.5906 10.0000
128.1822 0.0000
128.1822 10.0000
128.7738 0.0000
128.7738 10.0000
129.3654 0.0000
129.3654 10.0000
129.9570 0.0000
129.9570 10.0000
130.5486 0.0000
130.5486 10.0000
131.1402 0.0000
131.1402 10.0000
131.7318 0.0000
131.7318 10.0000
132.3234 0.0000
132.3234 10.0000
132.9150 0.0000
132.9150 10.0000
133.5066 0.0000
133.5066 10.0000
134.0982 0.0000
134.0982 10.0000
134.6899 0.0000
134.6899 10.0000
135.2815 0.0000
135.2815 10.0000
135.8731 0.0000
135.8731 10.0000
136.4647 0.0000
136.4647 10.0000
137.0563 0.0000
137.0563 10.0000
137.6479 0.0000
137.6479 10.0000
138.2395 0.0000
138.2395 10.0000
138.8311 0.0000
138.8311 10.0000
139.4227 0.0000
139.4227 10.0000
140.0143 0.0000
140.0143 10.0000
140.6059 0.0000
140.6059 10.0000
141.1975 0.0000
141.1975 10.0000
141.7891 0.0000
141.7891 10.0000
142.3808 0.0000
142.3808 10.0000
142.9724 0.0000
142.9724 10.0000
143.5640 0.0000
143.5640 10.0000
144.1556 0.0000
144.1556 10.0000
144.7472 0.0000
144.7472 10.0000
145.3388 0.0000
145.3388 10.0000
145.9304 0.0000
145.9304 10.0000
146.5220 0.0000
146.5220 10.0000
147.1136 0.0000
147.1136 10.0000
147.7052 0.0000
147.7052 10.0000
148.2968 0.0000
148.2968 10.0000
148.8884 0.0000
148.8884 10.0000
149.4801 0.0000
149.4801 10.0000
150.0717 0.0000
150.0717 10.0000
150.6633 0.0000
150.6633 10.0000
151.2549 0.0000
151.2549 10.0000
151.8465 0.0000
151.8465 10.0000
152.4381 0.0000
152.4381 10.0000
153.0297 0.0000
153.0297 10.0000
153.6213 0.0000
153.6213 10.0000
154.2129 0.0000
154.2129 10.0000
154.8045 0.0000
154.8045 10.0000
155.3961 0.0000
155.3961 10.0000
155.9877 0.0000
155.9877 10.0000
156.5793 0.0000
156.5793 10.0000
157.1710 0.0000
157.1710 10.0000
157.7626 0.0000
157.7626 10.0000
158.3542 0.0000
158.3542 10.0000
158.9458 0.0000
158.9458 10.0000
159.5374 0.0000
159.5374 10.0000
160.1290 0.0000
160.1290 10.0000
160.7206 0.0000
160.7206 10.0000
161.3122 0.0000
161.3122 10.0000
161.9038 0.0000
161.9038 10.0000
162.4954 0.0000
162.4954 10.0000
163.0870 0.0000
163.0870 10.0000
163.6786 0.0000
163.6786 10.0000
164.2703 0.0000
164.2703 10.0000
164.8619 0.0000
164.8619 10.0000
165.4535 0.0000
165.4535 10.0000
166.0451 0.0000
166.0451 10.0000
166.6367 0.0000
166.6367 10.0000
167.2283 0.0000
167.2283 10.0000
167.8199 0.0000
167.8199 10.0000
168.4115 0.0000
168.4115 10.0000
169.0031 0.0000
169.0031 10.0000
169.5947 0.0000
169.5947 10.0000
170.1863 0.0000
170.1863 10.0000
170.7779 0.0000
170.7779 10.0000
171.3695 0.0000
171.3695 10.0000
171.9612 0.0000
171.9612 10.0000
172.5528 0.0000
172.5528 10.0000
173.1444 0.0000
173.1444 10.0000
173.7360 0.0000
173.7360 10.0000
174.3276 0.0000
174.3276 10.0000
174.9192 0.0000
174.9192 10.0000
175.5108 0.0000
175.5108 10.0000
176.1024 0.0000
176.1024 10.0000
176.6940 0.0000
176.6940 10.0000
177.2856 0.0000
177.2856 10.0000
177.8772 0.0000
177.8772 10.0000
178.4688 0.0000
178.4688 10.0000
179.0605 0.0000
179.0605 10.0000
179.6521 0.0000
179.6521 10.0000
180.2437 0.0000
180.2437 10.0000
180.8353 0.0000
180.8353 10.0000
181.4269 0.0000
181.4269 10.0000
182.0185 0.0000
182.0185 10.0000
182.6101 0.0000
182.6101 10.0000
183.2017 0.0000
183.2017 10.0000
183.7933 0.0000
183.7933 10.0000
184.3849 0.0000
184.3849 10.0000
184.9765 0.0000
184.9765 10.0000
185.5681 0.0000
185.5681 10.0000
186.1597 0.0000
186.1597 10.0000
186.7514 0.0000
186.7514 10.0000
187.3430 0.0000
187.3430 10.0000
187.9346 0.0000
187.9346 10.0000
188.5262 0.0000
188.5262 10.0000
189.1178 0.0000
189.1178 10.0000
189.7094 0.0000
189.7094 10.0000
190.3010 0.0000
190.3010 10.0000
190.8926 0.0000
190.8926 10.0000
191.4842 0.0000
191.4842 10.0000
192.0758 0.0000
192.0758 10.0000
192.6674 0.0000
192.6674 10.0000
193.2590 0.0000
193.2590 10.0000
193.8507 0.0000
193.8507 10.0000
194.4423 0.0000
194.4423 10.0000
195.0339 0.0000
195.0339 10.0000
195.6255 0.0000
195.6255 10.0000
196.2171 0.0000
196.2171 10.0000
196.8087 0.0000
196.8087 10.0000
197.4003 0.0000
197.4003 10.0000
197.9919 0.0000
197.9919 10.0000
198.5835 0.0000
198.5835 10.0000
199.1751 0.0000
199.1751 10.0000
199.7667 0.0000
199.7667 10.0000
200.3583 0.0000
200.3583 10.0000
200.9499 0.0000
200.9499 10.0000
201.5416 0.0000
201.5416 10.0000
202.1332 0.0000
202.1332 10.0000
202.7248 0.0000
202.7248 10.0000
203.3164 0.0000
203.3164 10.0000
203.9080 0.0000
203.9080 10.0000
204.4996 0.0000
204.4996 10.0000
205.0912 0.0000
205.0912 10.0000
205.6828 0.0000
205.6828 10.0000
206.2744 0.0000
206.2744 10.0000
206.8660 0.0000
206.8660 10.0000
207.4576 0.0000
207.4576 10.0000
208.0492 0.0000
208.0492 10.0000
208.6409 0.0000
208.6409 10.0000
209.2325 0.0000
209.2325 10.0000
209.8241 0.0000
209.8241 10.0000
210.4157 0.0000
210.4157 10.0000
211.0073 0.0000
211.0073 10.0000
211.5989 0.0000
211.5989 10.0000
212.1905 0.0000
212.1905 10.0000
212.7821 0.0000
212.7821 10.0000
213.3737 0.0000
213.3737 10.0000
213.9653 0.0000
213.9653 10.0000
214.5569 0.0000
214.5569 10.0000
215.1485 0.0000
215.1485 10.0000
215.7401 0.0000
215.7401 10.0000
216.3318 0.0000
216.3318 10.0000
216.9234 0.0000
216.9234 10.0000
217.5150 0.0000
217.5150 10.0000
218.1066 0.0000
218.1066 10.0000
218.6982 0.0000
218.6982 10.0000
219.2898 0.0000
219.2898 10.0000
219.8814 0.0000
219.8814 10.0000
220.4730 0.0000
220.4730 10.0000
221.0646 0.0000
221.0646 10.0000
221.6562 0.0000
221.6562 10.0000
222.2478 0.0000
222.2478 10.0000
222.8394 0.0000
222.8394 10.0000
223.4311 0.0000
223.4311 10.0000
224.0227 0.0000
224.0227 10.0000
224.6143 0.0000
224.6143 10.0000
225.2059 0.0000
225.2059 10.0000
225.7975 0.0000
225.7975 10.0000
226.3891 0.0000
226.3891 10.0000
226.9807 0.0000
226.9807 10.0000
227.5723 0.0000
227.5723 10.0000
228.1639 0.0000
228.1639 10.0000
228.7555 0.0000
228.7555 10.0000
229.3471 0.0000
229.3471 10.0000
229.9387 0.0000
229.9387 10.0000
230.5303 0.0000
230.5303 10.0000
231.1220 0.0000
231.1220 10.0000
231.7136 0.0000
231.7136 10.0000
232.3052 0.0000
232.3052 10.0000
232.8968 0.0000
232.8968 10.0000
233.4884 0.0000
233.4884 10.0000
234.0800 0.0000
234.0800 10.0000
234.6716 0.0000
234.6716 10.0000
235.2632 0.0000
235.2632 10.0000
235.8548 0.0000
235.8548 10.0000
236.4464 0.0000
236.4464 10.0000
237.0380 0.0000
237.0380 10.0000
237.6296 0.0000
237.6296 10.0000
238.2213 0.0000
238.2213 10.0000
238.8129 0.0000
238.8129 10.0000
239.4045 0.0000
239.4045 10.0000
239.9961 0.0000
239.9961 10.0000
240.5877 0.0000
240.5877 10.0000
241.1793 0.0000
241.1793 10.0000
241.7709 0.0000
241.7709 10.0000
242.3625 0.0000
242.3625 10.0000
242.9541 0.0000
242.9541 10.0000
243.5457 0.0000
243.5457 10.0000
244.1373 0.0000
244.1373 10.0000
244.7289 0.0000
244.7289 10.0000
245.3205 0.0000
245.3205 10.0000
245.9122 0.0000
245.9122 10.0000
246.5038 0.0000
246.5038 10.0000
247.0954 0.0000
247.0954 10.0000
247.6870 0.0000
247.6870 10.0000
248.2786 0.0000
248.2786 10.0000
248.8702 0.0000
248.8702 10.0000
249.4618 0.0000
249.4618 10.0000
