0.0000 1.0000
1.0000 0.8090
2.0000 0.6330
3.0000 0.4793
4.0000 0.3514
5.0000 0.2498
6.0000 0.1723
7.0000 0.1154
8.0000 0.0753
9.0000 0.0478
10.0000 0.0296
11.0000 0.0179
12.0000 0.0106
13.0000 0.0062
14.0000 0.0035
15.0000 0.0019
16.0000 0.0011
17.0000 0.0006
18.0000 0.0003
19.0000 0.0002
20.0000 0.0001
21.0000 0.0000
22.0000 0.0000
23.0000 0.0000
24.0000 0.0000
25.0000 0.0000
26.0000 0.0000
27.0000 0.0000
28.0000 0.0000
29.0000 0.0000
30.0000 0.0000
31.0000 0.0000
32.0000 0.0000
33.0000 0.0000
34.0000 0.0000
35.0000 0.0000
36.0000 0.0000
37.0000 0.0000
38.0000 0.0000
39.0000 0.0000
40.0000 0.0000
41.0000 0.0000
42.0000 0.0000
43.0000 0.0000
44.0000 0.0000
45.0000 0.0000
46.0000 0.0000
47.0000 0.0000
48.0000 0.0000
49.0000 0.0000
50.0000 0.0000
51.0000 0.0000
52.0000 0.0000
53.0000 0.0000
54.0000 0.0000
55.0000 0.0000
56.0000 0.0000
57.0000 0.0000
58.0000 0.0000
59.0000 0.0000
60.0000 0.0000
61.0000 0.0000
62.0000 0.0000
63.0000 0.0000
64.0000 0.0000
65.0000 0.0000
66.0000 0.0000
67.0000 0.0000
68.0000 0.0000
69.0000 0.0000
70.0000 0.0000
71.0000 0.0000
72.0000 0.0000
73.0000 0.0000
74.0000 0.0000
75.0000 0.0000
76.0000 0.0000
77.0000 0.0000
78.0000 0.0000
79.0000 0.0000
80.0000 0.0000
81.0000 0.0000
82.0000 0.0000
83.0000 0.0000
84.0000 0.0000
85.0000 0.0000
86.0000 0.0000
87.0000 0.0000
88.0000 0.0000
89.0000 0.0000
90.0000 0.0000
91.0000 0.0000
92.0000 0.0000
93.0000 0.0000
94.0000 0.0000
95.0000 0.0000
96.0000 0.0000
97.0000 0.0000
98.0000 0.0000
99.0000 0.0000
100.0000 0.0000
0.0000 1.0000
1.0000 0.9140
2.0000 0.8294
3.0000 0.7471
4.0000 0.6680
5.0000 0.5928
6.0000 0.5220
7.0000 0.4562
8.0000 0.3957
9.0000 0.3405
10.0000 0.2907
11.0000 0.2463
12.0000 0.2070
13.0000 0.1727
14.0000 0.1429
15.0000 0.1174
16.0000 0.0957
17.0000 0.0774
18.0000 0.0621
19.0000 0.0495
20.0000 0.0391
21.0000 0.0307
22.0000 0.0239
23.0000 0.0185
24.0000 0.0142
25.0000 0.0108
26.0000 0.0082
27.0000 0.0061
28.0000 0.0046
29.0000 0.0034
30.0000 0.0025
31.0000 0.0018
32.0000 0.0013
33.0000 0.0010
34.0000 0.0007
35.0000 0.0005
36.0000 0.0003
37.0000 0.0002
38.0000 0.0002
39.0000 0.0001
40.0000 0.0001
41.0000 0.0001
42.0000 0.0000
43.0000 0.0000
44.0000 0.0000
45.0000 0.0000
46.0000 0.0000
47.0000 0.0000
48.0000 0.0000
49.0000 0.0000
50.0000 0.0000
51.0000 0.0000
52.0000 0.0000
53.0000 0.0000
54.0000 0.0000
55.0000 0.0000
56.0000 0.0000
57.0000 0.0000
58.0000 0.0000
59.0000 0.0000
60.0000 0.0000
61.0000 0.0000
62.0000 0.0000
63.0000 0.0000
64.0000 0.0000
65.0000 0.0000
66.0000 0.0000
67.0000 0.0000
68.0000 0.0000
69.0000 0.0000
70.0000 0.0000
71.0000 0.0000
72.0000 0.0000
73.0000 0.0000
74.0000 0.0000
75.0000 0.0000
76.0000 0.0000
77.0000 0.0000
78.0000 0.0000
79.0000 0.0000
80.0000 0.0000
81.0000 0.0000
82.0000 0.0000
83.0000 0.0000
84.0000 0.0000
85.0000 0.0000
86.0000 0.0000
87.0000 0.0000
88.0000 0.0000
89.0000 0.0000
90.0000 0.0000
91.0000 0.0000
92.0000 0.0000
93.0000 0.0000
94.0000 0.0000
95.0000 0.0000
96.0000 0.0000
97.0000 0.0000
98.0000 0.0000
99.0000 0.0000
100.0000 0.0000
0.0000 1.0000
1.0000 0.9615
2.0000 0.9231
3.0000 0.8849
4.0000 0.8470
5.0000 0.8095
6.0000 0.7725
7.0000 0.7360
8.0000 0.7002
9.0000 0.6650
10.0000 0.6306
11.0000 0.5970
12.0000 0.5643
13.0000 0.5325
14.0000 0.5016
15.0000 0.4718
16.0000 0.4430
17.0000 0.4152
18.0000 0.3886
19.0000 0.3630
20.0000 0.3385
21.0000 0.3152
22.0000 0.2929
23.0000 0.2718
24.0000 0.2517
25.0000 0.2327
26.0000 0.2148
27.0000 0.1979
28.0000 0.1820
29.0000 0.1671
30.0000 0.1531
31.0000 0.1401
32.0000 0.1279
33.0000 0.1166
34.0000 0.1061
35.0000 0.0964
36.0000 0.0874
37.0000 0.0791
38.0000 0.0715
39.0000 0.0645
40.0000 0.0580
41.0000 0.0522
42.0000 0.0468
43.0000 0.0419
44.0000 0.0374
45.0000 0.0334
46.0000 0.0298
47.0000 0.0265
48.0000 0.0235
49.0000 0.0208
50.0000 0.0184
51.0000 0.0162
52.0000 0.0143
53.0000 0.0126
54.0000 0.0110
55.0000 0.0097
56.0000 0.0085
57.0000 0.0074
58.0000 0.0064
59.0000 0.0056
60.0000 0.0049
61.0000 0.0042
62.0000 0.0037
63.0000 0.0032
64.0000 0.0027
65.0000 0.0023
66.0000 0.0020
67.0000 0.0017
68.0000 0.0015
69.0000 0.0013
70.0000 0.0011
71.0000 0.0009
72.0000 0.0008
73.0000 0.0007
74.0000 0.0006
75.0000 0.0005
76.0000 0.0004
77.0000 0.0003
78.0000 0.0003
79.0000 0.0002
80.0000 0.0002
81.0000 0.0002
82.0000 0.0001
83.0000 0.0001
84.0000 0.0001
85.0000 0.0001
86.0000 0.0001
87.0000 0.0001
88.0000 0.0000
89.0000 0.0000
90.0000 0.0000
91.0000 0.0000
92.0000 0.0000
93.0000 0.0000
94.0000 0.0000
95.0000 0.0000
96.0000 0.0000
97.0000 0.0000
98.0000 0.0000
99.0000 0.0000
100.0000 0.0000
0.0000 1.0000
1.0000 0.9728
2.0000 0.9455
3.0000 0.9184
4.0000 0.8914
5.0000 0.8645
6.0000 0.8378
7.0000 0.8113
8.0000 0.7850
9.0000 0.7590
10.0000 0.7333
11.0000 0.7078
12.0000 0.6827
13.0000 0.6580
14.0000 0.6336
15.0000 0.6097
16.0000 0.5861
17.0000 0.5630
18.0000 0.5404
19.0000 0.5182
20.0000 0.4966
21.0000 0.4754
22.0000 0.4547
23.0000 0.4346
24.0000 0.4150
25.0000 0.3960
26.0000 0.3775
27.0000 0.3595
28.0000 0.3421
29.0000 0.3253
30.0000 0.3090
31.0000 0.2933
32.0000 0.2781
33.0000 0.2635
34.0000 0.2494
35.0000 0.2358
36.0000 0.2228
37.0000 0.2104
38.0000 0.1984
39.0000 0.1870
40.0000 0.1760
41.0000 0.1656
42.0000 0.1556
43.0000 0.1461
44.0000 0.1370
45.0000 0.1284
46.0000 0.1202
47.0000 0.1125
48.0000 0.1051
49.0000 0.0982
50.0000 0.0916
51.0000 0.0853
52.0000 0.0795
53.0000 0.0739
54.0000 0.0687
55.0000 0.0638
56.0000 0.0592
57.0000 0.0548
58.0000 0.0508
59.0000 0.0470
60.0000 0.0434
61.0000 0.0401
62.0000 0.0370
63.0000 0.0341
64.0000 0.0314
65.0000 0.0289
66.0000 0.0265
67.0000 0.0243
68.0000 0.0223
69.0000 0.0205
70.0000 0.0187
71.0000 0.0171
72.0000 0.0157
73.0000 0.0143
74.0000 0.0130
75.0000 0.0119
76.0000 0.0108
77.0000 0.0098
78.0000 0.0089
79.0000 0.0081
80.0000 0.0073
81.0000 0.0066
82.0000 0.0060
83.0000 0.0054
84.0000 0.0048
85.0000 0.0043
86.0000 0.0039
87.0000 0.0035
88.0000 0.0031
89.0000 0.0027
90.0000 0.0024
91.0000 0.0021
92.0000 0.0018
93.0000 0.0015
94.0000 0.0013
95.0000 0.0011
96.0000 0.0008
97.0000 0.0006
98.0000 0.0004
99.0000 0.0002
100.0000 0.0000
0.0000 1.0000
1.0000 0.9807
2.0000 0.9615
3.0000 0.9423
4.0000 0.9231
5.0000 0.9039
6.0000 0.8848
7.0000 0.8658
8.0000 0.8469
9.0000 0.8281
10.0000 0.8094
11.0000 0.7907
12.0000 0.7722
13.0000 0.7539
14.0000 0.7357
15.0000 0.7176
16.0000 0.6997
17.0000 0.6820
18.0000 0.6644
19.0000 0.6470
20.0000 0.6299
21.0000 0.6129
22.0000 0.5961
23.0000 0.5796
24.0000 0.5632
25.0000 0.5471
26.0000 0.5313
27.0000 0.5157
28.0000 0.5003
29.0000 0.4852
30.0000 0.4703
31.0000 0.4557
32.0000 0.4413
33.0000 0.4272
34.0000 0.4134
35.0000 0.3999
36.0000 0.3866
37.0000 0.3736
38.0000 0.3608
39.0000 0.3484
40.0000 0.3362
41.0000 0.3243
42.0000 0.3127
43.0000 0.3014
44.0000 0.2903
45.0000 0.2795
46.0000 0.2690
47.0000 0.2588
48.0000 0.2488
49.0000 0.2391
50.0000 0.2297
51.0000 0.2206
52.0000 0.2117
53.0000 0.2030
54.0000 0.1946
55.0000 0.1865
56.0000 0.1786
57.0000 0.1710
58.0000 0.1636
59.0000 0.1564
60.0000 0.1495
61.0000 0.1428
62.0000 0.1363
63.0000 0.1300
64.0000 0.1240
65.0000 0.1181
66.0000 0.1125
67.0000 0.1071
68.0000 0.1018
69.0000 0.0967
70.0000 0.0918
71.0000 0.0871
72.0000 0.0826
73.0000 0.0782
74.0000 0.0740
75.0000 0.0699
76.0000 0.0660
77.0000 0.0622
78.0000 0.0585
79.0000 0.0550
80.0000 0.0516
81.0000 0.0483
82.0000 0.0451
83.0000 0.0421
84.0000 0.0391
85.0000 0.0362
86.0000 0.0334
87.0000 0.0307
88.0000 0.0281
89.0000 0.0255
90.0000 0.0230
91.0000 0.0205
92.0000 0.0181
93.0000 0.0158
94.0000 0.0134
95.0000 0.0111
96.0000 0.0089
97.0000 0.0066
98.0000 0.0044
99.0000 0.0022
100.0000 0.0000
0.0000 1.0000
1.0000 0.9897
2.0000 0.9794
3.0000 0.9691
4.0000 0.9588
5.0000 0.9486
6.0000 0.9383
7.0000 0.9280
8.0000 0.9177
9.0000 0.9074
10.0000 0.8971
11.0000 0.8869
12.0000 0.8766
13.0000 0.8663
14.0000 0.8561
15.0000 0.8458
16.0000 0.8355
17.0000 0.8253
18.0000 0.8151
19.0000 0.8048
20.0000 0.7946
21.0000 0.7843
22.0000 0.7741
23.0000 0.7639
24.0000 0.7537
25.0000 0.7435
26.0000 0.7333
27.0000 0.7231
28.0000 0.7129
29.0000 0.7027
30.0000 0.6925
31.0000 0.6824
32.0000 0.6722
33.0000 0.6621
34.0000 0.6519
35.0000 0.6418
36.0000 0.6317
37.0000 0.6216
38.0000 0.6114
39.0000 0.6013
40.0000 0.5913
41.0000 0.5812
42.0000 0.5711
43.0000 0.5610
44.0000 0.5510
45.0000 0.5409
46.0000 0.5309
47.0000 0.5209
48.0000 0.5108
49.0000 0.5008
50.0000 0.4908
51.0000 0.4808
52.0000 0.4708
53.0000 0.4609
54.0000 0.4509
55.0000 0.4409
56.0000 0.4310
57.0000 0.4211
58.0000 0.4111
59.0000 0.4012
60.0000 0.3913
61.0000 0.3814
62.0000 0.3715
63.0000 0.3616
64.0000 0.3517
65.0000 0.3419
66.0000 0.3320
67.0000 0.3221
68.0000 0.3123
69.0000 0.3024
70.0000 0.2926
71.0000 0.2828
72.0000 0.2730
73.0000 0.2632
74.0000 0.2533
75.0000 0.2435
76.0000 0.2338
77.0000 0.2240
78.0000 0.2142
79.0000 0.2044
80.0000 0.1946
81.0000 0.1849
82.0000 0.1751
83.0000 0.1654
84.0000 0.1556
85.0000 0.1459
86.0000 0.1361
87.0000 0.1264
88.0000 0.1166
89.0000 0.1069
90.0000 0.0972
91.0000 0.0875
92.0000 0.0777
93.0000 0.0680
94.0000 0.0583
95.0000 0.0486
96.0000 0.0389
97.0000 0.0291
98.0000 0.0194
99.0000 0.0097
100.0000 0.0000
0.0000 1.0000
1.0000 0.9900
2.0000 0.9800
3.0000 0.9700
4.0000 0.9600
5.0000 0.9500
6.0000 0.9400
7.0000 0.9300
8.0000 0.9200
9.0000 0.9100
10.0000 0.9000
11.0000 0.8900
12.0000 0.8800
13.0000 0.8699
14.0000 0.8599
15.0000 0.8499
16.0000 0.8399
17.0000 0.8299
18.0000 0.8199
19.0000 0.8099
20.0000 0.7999
21.0000 0.7899
22.0000 0.7799
23.0000 0.7699
24.0000 0.7599
25.0000 0.7499
26.0000 0.7399
27.0000 0.7299
28.0000 0.7199
29.0000 0.7099
30.0000 0.6999
31.0000 0.6899
32.0000 0.6799
33.0000 0.6699
34.0000 0.6599
35.0000 0.6499
36.0000 0.6399
37.0000 0.6299
38.0000 0.6199
39.0000 0.6099
40.0000 0.5999
41.0000 0.5899
42.0000 0.5799
43.0000 0.5699
44.0000 0.5599
45.0000 0.5499
46.0000 0.5399
47.0000 0.5299
48.0000 0.5199
49.0000 0.5099
50.0000 0.4999
51.0000 0.4899
52.0000 0.4799
53.0000 0.4699
54.0000 0.4599
55.0000 0.4499
56.0000 0.4399
57.0000 0.4299
58.0000 0.4199
59.0000 0.4099
60.0000 0.3999
61.0000 0.3899
62.0000 0.3799
63.0000 0.3699
64.0000 0.3599
65.0000 0.3499
66.0000 0.3399
67.0000 0.3299
68.0000 0.3199
69.0000 0.3099
70.0000 0.2999
71.0000 0.2899
72.0000 0.2799
73.0000 0.2699
74.0000 0.2599
75.0000 0.2499
76.0000 0.2399
77.0000 0.2299
78.0000 0.2199
79.0000 0.2099
80.0000 0.1999
81.0000 0.1899
82.0000 0.1799
83.0000 0.1699
84.0000 0.1599
85.0000 0.1499
86.0000 0.1399
87.0000 0.1299
88.0000 0.1200
89.0000 0.1100
90.0000 0.1000
91.0000 0.0900
92.0000 0.0800
93.0000 0.0700
94.0000 0.0600
95.0000 0.0500
96.0000 0.0400
97.0000 0.0300
98.0000 0.0200
99.0000 0.0100
100.0000 0.0000
