19.8320
19.8340
19.8280
19.8710
19.8770
19.8320
19.8510
19.8760
19.8600
19.8510
19.8070
19.8550
19.8240
19.8470
19.8350
19.8160
19.8310
19.7810
19.8280
19.9020
19.8420
19.8440
19.8640
19.8510
19.8740
19.8500
19.8180
19.8540
19.7910
19.8680
19.7890
19.8660
19.8430
19.8380
19.8620
19.8580
19.8170
19.8190
19.8250
19.8470
19.8850
19.8340
19.8380
19.8440
19.8320
19.8420
19.8700
19.8560
19.8380
19.8440
19.8680
19.8400
19.8360
19.8220
19.8170
19.8640
19.8150
19.8440
19.8230
19.8060
19.8560
19.8650
19.8570
19.7970
19.8270
19.8710
19.8340
19.8140
19.8220
19.8750
19.8510
19.8080
19.8440
19.8700
19.8450
19.8690
19.8210
19.8790
19.8850
19.7660
19.8350
19.8510
19.8550
19.8720
19.8750
19.8760
19.8570
19.8460
19.8950
19.9040
19.8870
19.8240
19.8170
19.8220
19.8290
19.8700
19.8680
19.8610
19.8340
19.9060
19.8450
19.8690
19.8390
19.8350
19.8560
19.8300
19.8410
19.8360
19.8480
19.8510
19.8700
19.8780
19.8210
19.8660
19.8660
19.8280
19.8360
19.8340
19.8920
19.8860
19.8290
19.8260
19.8480
19.8630
19.7810
19.8510
19.8320
19.8350
19.8640
19.8510
19.8800
19.8730
19.8420
19.8200
19.8550
19.8590
19.8290
19.8640
19.8530
19.8040
19.8820
19.8010
19.9090
19.8290
19.8670
19.8700
19.8820
19.8790
19.8970
19.8060
19.8330
19.8340
19.7950
19.8210
19.8150
19.8140
19.8560
19.8540
19.9130
19.8330
19.8990
19.8530
19.8800
19.8370
19.8530
19.8540
19.8290
19.8070
19.8430
19.8120
19.8580
19.8360
19.8560
19.8110
19.8730
19.8550
19.8340
19.8270
19.8050
19.8150
19.8420
19.8640
19.8380
19.8550
19.8560
19.8100
19.8300
19.8090
19.8200
19.8450
19.8620
19.8210
19.8240
19.8100
19.8220
19.8370
19.8450
19.8520
19.8490
19.8960
19.8780
19.8140
19.8300
19.8860
19.8250
19.8150
19.8170
19.8810
19.8610
19.8430
19.8550
19.8260
19.8130
19.8070
19.8740
19.8430
19.8660
19.8580
19.8690
19.8350
19.7980
19.8380
19.8290
19.8860
19.8670
19.8560
19.8100
19.8190
19.8350
19.8430
19.8490
19.8370
19.8740
19.8570
19.8570
19.8300
19.8470
19.8230
19.8480
19.8350
19.8340
19.8470
19.8110
19.8620
19.8430
19.8620
19.8730
19.8730
19.8510
19.8030
19.8140
19.8630
19.8560
19.8360
19.8190
19.8490
19.8260
19.7940
19.8230
19.8490
19.8660
19.8540
19.7720
19.8290
19.7900
19.8780
19.8520
19.8540
19.8410
19.8090
19.8830
19.8450
19.8550
19.8610
19.8450
19.8970
19.8620
19.8140
19.8800
19.8530
19.8290
19.8700
19.8140
19.8290
19.8710
19.8550
19.8160
19.8090
19.8660
19.8160
19.8860
19.8500
19.8400
19.8130
19.8970
19.8420
19.8070
19.8140
19.8500
19.8400
19.8840
19.8350
19.8480
19.8050
19.8960
19.8290
19.8760
19.8320
19.8560
19.8090
19.7860
19.8630
19.8380
19.8670
19.8910
19.8810
19.8570
19.8060
19.8530
19.8690
19.8250
19.8640
19.8350
19.9130
19.8280
19.8500
19.8020
19.8650
19.8380
19.8660
19.8330
19.8400
19.8250
19.8620
19.8260
19.8280
19.8580
19.8670
19.8480
19.8620
19.8150
19.8580
19.8630
19.8290
19.8420
19.8340
19.8970
19.8500
19.8250
19.8090
19.8570
19.8970
19.8250
19.8900
19.8070
19.8330
19.8680
19.8190
19.8340
19.8370
19.8550
19.8320
19.8810
19.8680
19.8420
19.8640
19.8200
19.8460
19.8850
19.8330
19.8340
19.8390
19.8610
19.8430
19.8840
19.8640
19.8470
19.8550
19.8480
19.8450
19.8640
19.8450
19.9180
19.8200
19.8320
19.8310
19.8350
19.8200
19.8060
19.8400
19.8090
19.8620
19.8490
19.8270
19.8310
19.7780
19.8240
19.8200
19.8690
19.8910
19.8410
19.8640
19.8170
19.8380
19.7930
19.7940
19.8670
19.8440
19.8380
19.8380
19.8600
19.8960
19.8540
19.8590
19.8730
19.8160
19.8630
19.8210
19.8390
19.8970
19.8370
19.8380
19.8550
19.8480
19.8580
19.8560
19.8410
19.8950
19.8680
19.8390
19.8420
19.8890
19.8760
19.8520
19.8490
19.8060
19.8660
19.8660
19.8570
19.8500
19.8200
19.8840
19.8190
19.8080
19.8060
19.8450
19.8590
19.8640
19.8690
19.8170
19.8520
19.8570
19.8740
19.8600
19.8500
19.8300
19.8450
19.8580
19.8040
19.8190
19.8130
19.8090
19.8700
19.8350
19.8770
19.8220
19.8520
19.8600
19.8230
19.8420
19.8590
19.8090
19.8190
19.8400
19.8330
19.8540
19.7930
19.8240
19.8060
19.8600
19.8460
19.8510
19.8200
19.7610
19.8120
19.8080
19.8350
19.8350
19.8590
19.8350
19.8830
19.8460
19.8090
19.8630
19.8150
19.8540
19.8460
19.8260
19.8060
19.8570
19.8340
19.8310
19.8450
19.8240
19.8780
19.8700
19.8510
19.8470
19.8370
19.8320
19.8720
19.8770
19.8050
19.8600
19.8070
19.8400
19.8290
19.8420
19.8650
19.8460
19.8330
19.8170
19.8360
19.8230
19.8140
19.8280
19.8740
19.8880
19.8380
19.9100
19.8580
19.8420
19.8230
19.8560
19.9040
19.8430
19.8350
19.8240
19.9120
19.8440
19.8590
19.8330
19.8460
19.8150
19.8710
19.8010
19.8490
19.8240
19.8430
19.8460
19.8470
19.8280
19.8870
19.8460
19.8980
19.8410
19.8170
19.8930
19.7920
19.8640
19.8600
19.8380
19.8210
19.8360
19.8010
19.7920
19.8730
19.9040
19.8160
19.8690
19.8550
19.8920
19.8060
19.9040
19.8560
19.7940
19.8200
19.8730
19.8180
19.8180
19.8740
19.8380
19.8300
19.8630
19.8620
19.8590
19.8850
19.8590
19.8410
19.8370
19.8300
19.8350
19.8430
19.8240
19.8030
19.8900
19.8670
19.8410
19.8600
19.8280
19.8720
19.8640
19.8040
19.8720
19.8580
19.8790
19.8620
19.8690
19.7920
19.8210
19.9000
19.8350
19.7930
19.8520
19.8230
19.8170
19.8640
19.8630
19.8050
19.8540
19.8270
19.8010
19.8860
19.8500
19.8110
19.8360
19.8180
19.8840
19.8460
19.8170
19.8260
19.8370
19.8370
19.8120
19.8360
19.8770
19.8230
19.8540
19.8720
19.8340
19.8640
19.8260
19.8380
19.8010
19.8650
19.8210
19.8250
19.8350
19.8220
19.8340
19.8500
19.8240
19.8370
19.8370
19.8640
19.8930
19.8170
19.7980
19.8180
19.8380
19.7900
19.8300
19.7930
19.8440
19.8660
19.8660
19.8370
19.8630
19.8400
19.8720
19.8570
19.8860
19.8120
19.8560
19.8380
19.8270
19.8260
19.8480
19.8430
19.8450
19.8530
19.8640
19.8390
19.8780
19.8520
19.8290
19.8090
19.8650
19.8460
19.8980
19.8120
19.8380
19.8820
19.8340
19.8930
19.8100
19.8490
19.8460
19.8630
19.8320
19.8900
19.8280
19.8240
19.8540
19.7780
19.9160
19.8250
19.8080
19.8730
19.8380
19.8490
19.8500
19.8740
19.8530
19.8570
19.8200
19.8300
19.8510
19.8750
19.8500
19.8410
19.8580
19.8080
19.8700
19.8450
19.8380
19.8800
19.8470
19.8260
19.8950
19.8300
19.8350
19.8550
19.8460
19.8380
19.8770
19.8580
19.8870
19.8560
19.8800
19.8560
19.8090
19.7830
19.8470
19.8550
19.8250
19.8670
19.8420
19.8530
19.8150
19.8220
19.8270
19.8570
19.8140
19.8920
19.8900
19.8140
19.8490
19.8250
19.8240
19.8410
19.8970
19.8040
19.8720
19.8670
19.8650
19.8450
19.8190
19.8170
19.8180
19.8300
19.8630
19.8210
19.8610
19.8220
19.8210
19.8110
19.8520
19.8330
19.8530
19.8010
19.8460
19.7980
19.8170
19.8290
19.8500
19.8530
19.8710
19.8570
19.8960
19.8710
19.8140
19.8840
19.8820
19.8440
19.8590
19.8580
19.8260
19.8660
19.9110
19.8880
19.8270
19.8600
19.8840
19.8490
19.8850
19.8340
19.8510
19.8860
19.8580
19.8950
19.8750
19.8070
19.8680
19.8350
19.8740
19.8240
19.8610
19.8500
19.8620
19.8580
19.8420
19.8970
19.8360
19.8440
19.8650
19.8270
19.8560
19.8910
19.8270
19.8240
19.8660
19.8270
19.8380
19.8330
19.8560
19.8080
19.8320
19.8470
19.8500
19.8610
19.8810
19.8610
19.8330
19.8430
19.8460
19.8750
19.8520
19.9110
19.8280
19.8240
19.8420
19.8060
19.7970
19.8290
19.7990
19.8240
19.8670
19.8760
19.8620
19.8500
19.8500
19.7910
19.7920
19.8720
19.8210
19.8590
19.8420
19.8420
19.8070
19.8320
19.8560
19.8450
19.8600
19.8330
19.8780
19.7740
19.8460
19.8290
19.8460
19.8550
19.8780
19.8640
19.8180
19.8280
19.8480
19.8390
19.8150
19.8530
19.8270
19.8450
19.8100
19.8540
19.8380
19.8470
19.8780
19.8290
19.8130
19.9060
19.8330
19.8460
19.7810
19.8160
19.8530
19.8560
19.8110
19.8140
19.9180
19.8940
19.8140
19.8160
19.8130
19.8560
19.8710
19.9160
19.8100
19.8490
19.8850
19.8450
19.8230
19.8600
19.8230
19.8390
19.8650
19.8450
19.8320
19.8680
19.8210
19.8500
19.7970
19.8500
19.8860
19.8520
19.8760
19.8200
19.8530
19.8510
19.8150
19.8790
19.8550
19.8340
19.8970
19.8590
19.8510
19.8690
19.8230
19.8280
19.8420
19.8640
19.7890
19.8530
19.8720
19.7950
19.8630
19.8610
19.8680
19.8560
19.8200
19.8230
19.8570
19.8390
19.8070
19.8640
19.8100
19.8460
19.8490
19.8800
19.8810
19.7920
19.8190
19.8690
19.8800
19.8390
19.8390
19.8330
19.8260
19.8580
19.8450
19.8020
19.8690
19.8630
19.8770
19.8370
19.8460
19.8840
19.8710
19.8180
19.8060
19.8600
19.8230
19.8420
19.8410
19.8600
19.8410
19.7850
19.8480
19.8390
19.7900
19.8910
19.8300
